  19191214  19200112
  19241003  19241101
  19270308  19270406
  19280913  19281012
  19290520  19290618
  19300326  19300424
  19320416  19320515
  19350919  19351018
  19410303  19410401
  19410901  19410930
  19470903  19471002
  19480812  19480910
  19500604  19500703
  19521003  19521101
  19550613  19550712
  19561008  19561106
  19570227  19570328
  19590408  19590507
  19650214  19650315
  19651008  19651106
  19660302  19660331
  19710514  19710612
  19711012  19711110
  19740705  19740803
  19761030  19761128
  19780622  19780721
  19810223  19810324
  19830618  19830717
  19850312  19850410
  19860318  19860416
  19880219  19880319
  19880521  19880619
  19891120  19891219
  19941002  19941031
  19950309  19950407
  19960720  19960818
  19990324  19990422
  20001218  20010116
  20010329  20010427
  20010926  20011025
  20020703  20020801
  20021223  20030121
  20110101  20110130
  20120224  20120324
  20130927  20131026
  20150110  20150208
  20160304  20160402
  20180418  20180517
