  19190628  19190727
  19210426  19210525
  19220508  19220606
  19240921  19241020
  19300402  19300501
  19330519  19330617
  19340326  19340424
  19340929  19341028
  19360402  19360501
  19380916  19381015
  19390819  19390917
  19400716  19400814
  19420911  19421010
  19430731  19430829
  19441005  19441103
  19460301  19460330
  19460830  19460928
  19480507  19480605
  19490404  19490503
  19530808  19530906
  19580123  19580221
  19630316  19630414
  19780108  19780206
  19830621  19830720
  19860312  19860410
  19870402  19870501
  19870718  19870816
  19880406  19880505
  19990702  19990731
  20010222  20010323
  20070427  20070526
  20100806  20100904
