  19180203  19180304
  19200912  19201011
  19210213  19210314
  19210521  19210619
  19240706  19240804
  19260408  19260507
  19270309  19270407
  19310108  19310206
  19310507  19310605
  19330508  19330606
  19350109  19350207
  19360419  19360518
  19371105  19371204
  19380728  19380826
  19390927  19391026
  19410103  19410201
  19440713  19440811
  19560426  19560525
  19570630  19570729
  19580506  19580604
  19610916  19611015
  19780810  19780908
  19800705  19800803
  19801127  19801226
  19840828  19840926
  19841203  19850101
  19850212  19850313
  19851202  19851231
  19870401  19870430
  19880203  19880303
  20011014  20011112
  20020126  20020224
  20160224  20160324
  20160919  20161018
