  19180921  19181020
  19220831  19220929
  19230521  19230619
  19241001  19241030
  19270219  19270320
  19310906  19311005
  19340113  19340211
  19360412  19360511
  19410826  19410924
  19431123  19431222
  19530906  19531005
  19551120  19551219
  19570628  19570727
  19610901  19610930
  19620408  19620507
  19630312  19630410
  19651017  19651115
  19660529  19660627
  19691211  19700109
  19761207  19770105
  19770425  19770524
  19800803  19800901
  19810221  19810322
  19840823  19840921
  19910507  19910605
  19950309  19950407
  19950711  19950809
  20011015  20011113
  20020608  20020707
  20040211  20040311
  20050717  20050815
  20060207  20060308
  20070421  20070520
  20101211  20110109
  20140813  20140911
