  19240328  19240426
  19260405  19260504
  19280407  19280506
  19360229  19360329
  19370820  19370918
  19390415  19390514
  19390808  19390906
  19400818  19400916
  19520901  19520930
  19540602  19540701
  19551015  19551113
  19560802  19560831
  19620325  19620423
  19630311  19630409
  19710311  19710409
  19800330  19800428
  19830704  19830802
  19840711  19840809
  19880402  19880501
  19880919  19881018
  19990929  19991028
  20020823  20020921
  20060501  20060530
  20120504  20120602
  20120901  20120930
