  19161021  19161119
  19190810  19190908
  19200910  19201009
  19320802  19320831
  19360330  19360428
  19380913  19381012
  19390730  19390828
  19420331  19420429
  19470117  19470215
  19480804  19480902
  19570404  19570503
  19600315  19600413
  19620331  19620429
  19630305  19630403
  19630830  19630928
  19650410  19650509
  19660505  19660603
  19760321  19760419
  19830203  19830304
  19860224  19860325
  19870418  19870517
  19870707  19870805
  19980815  19980913
  19990303  19990401
  20000929  20001028
  20010322  20010420
  20020714  20020812
  20070505  20070603
  20070728  20070826
  20080828  20080926
  20150416  20150515
