  19190822  19190920
  19250513  19250611
  19260413  19260512
  19300717  19300815
  19330419  19330518
  19400831  19400929
  19410405  19410504
  19410719  19410817
  19440509  19440607
  19450222  19450323
  19501207  19510105
  19530628  19530727
  19610901  19610930
  19640412  19640511
  19700818  19700916
  19711205  19720103
  19760128  19760226
  19760623  19760722
  19770404  19770503
  19830615  19830714
  19850212  19850313
  19851217  19860115
  19870704  19870802
  19881128  19881227
  19940504  19940602
  19950303  19950401
  19980613  19980712
  20000930  20001029
  20090615  20090714
  20121024  20121122
  20161014  20161112
