  19241004  19241102
  19250728  19250826
  19260408  19260507
  19300318  19300416
  19311006  19311104
  19320818  19320916
  19340328  19340426
  19360402  19360501
  19380914  19381013
  19390417  19390516
  19391028  19391126
  19430827  19430925
  19470126  19470224
  19510914  19511013
  19561013  19561111
  19580208  19580309
  19620402  19620501
  19630904  19631003
  19650414  19650513
  19660511  19660609
  19670521  19670619
  19690130  19690228
  19710227  19710328
  19760401  19760430
  19820325  19820423
  19900205  19900306
  19910419  19910518
  19950218  19950319
  19981008  19981106
  20020714  20020812
  20070412  20070511
  20080913  20081012
  20150411  20150510
