  19180131  19180301
  19200913  19201012
  19210505  19210603
  19220708  19220806
  19250317  19250415
  19300319  19300417
  19300606  19300705
  19340307  19340405
  19360405  19360504
  19380830  19380928
  19420321  19420419
  19520311  19520409
  19530927  19531026
  19551204  19560102
  19570703  19570801
  19620411  19620510
  19650407  19650506
  19670220  19670321
  19801129  19801228
  19830713  19830811
  19850205  19850306
  19851213  19860111
  19870330  19870428
  19870702  19870731
  19880202  19880302
  19900713  19900811
  19950222  19950323
  20000418  20000517
  20060518  20060616
  20070302  20070331
  20120310  20120408
  20160401  20160430
