  19161021  19161119
  19171029  19171127
  19180201  19180302
  19190628  19190727
  19200909  19201008
  19210428  19210527
  19220803  19220901
  19240920  19241019
  19300314  19300412
  19310501  19310530
  19340306  19340404
  19360402  19360501
  19380912  19381011
  19390810  19390908
  19400629  19400728
  19410824  19410922
  19420409  19420508
  19440506  19440604
  19470827  19470925
  19480414  19480513
  19510421  19510520
  19510703  19510801
  19520323  19520421
  19530518  19530616
  19530801  19530830
  19540616  19540715
  19560502  19560531
  19581012  19581110
  19620414  19620513
  19621112  19621211
  19630918  19631017
  19650405  19650504
  19651002  19651031
  19660211  19660312
  19670228  19670329
  19830622  19830721
  19851202  19851231
  19860313  19860411
  19860608  19860707
  19870414  19870513
  19880419  19880518
  19900722  19900820
  19920311  19920409
  19950217  19950318
  19981004  19981102
  19990702  19990731
  20050928  20051027
  20100911  20101010
  20120303  20120401
  20160401  20160430
  20160918  20161017
