  19190326  19190424
  19190818  19190916
  19210202  19210303
  19210804  19210902
  19240701  19240730
  19250406  19250505
  19271216  19280114
  19331115  19331214
  19340601  19340630
  19350921  19351020
  19360408  19360507
  19390817  19390915
  19400817  19400915
  19410824  19410922
  19420926  19421025
  19540104  19540202
  19540709  19540807
  19550202  19550303
  19550414  19550513
  19550910  19551009
  19561109  19561208
  19610830  19610928
  19700817  19700915
  19720623  19720722
  19720829  19720927
  19730927  19731026
  19740917  19741016
  19770319  19770417
  19800727  19800825
  19810825  19810923
  19841128  19841227
  19860315  19860413
  19870624  19870723
  19900808  19900906
  19950221  19950322
  19980517  19980615
  19981007  19981105
  19990201  19990302
  19990630  19990729
  20000919  20001018
  20010322  20010420
  20010904  20011003
  20040215  20040315
  20040503  20040601
  20060614  20060713
  20081207  20090105
  20130926  20131025
  20161007  20161105
  20180129  20180227
