  19190518  19190616
  19191207  19200105
  19230522  19230620
  19240928  19241027
  19270227  19270328
  19280208  19280308
  19300328  19300426
  19320418  19320517
  19350910  19351009
  19360618  19360717
  19400715  19400813
  19410901  19410930
  19440416  19440515
  19460302  19460331
  19461004  19461102
  19480814  19480912
  19521007  19521105
  19530509  19530607
  19560714  19560812
  19570405  19570504
  19630306  19630404
  19640414  19640513
  19650226  19650327
  19660301  19660330
  19800730  19800828
  19860315  19860413
  19870430  19870529
  19940508  19940606
  19970823  19970921
  19990311  19990409
  19990524  19990622
  20010927  20011026
  20060203  20060304
  20101217  20110115
  20130309  20130407
  20140814  20140912
