  19160701  19160730
  19210505  19210603
  19230516  19230614
  19241013  19241111
  19260408  19260507
  19300408  19300507
  19340404  19340503
  19360409  19360508
  19380918  19381017
  19390409  19390508
  19430827  19430925
  19460227  19460328
  19470907  19471006
  19480802  19480831
  19490924  19491023
  19510914  19511013
  19520529  19520627
  19530920  19531019
  19570712  19570810
  19630912  19631011
  19640811  19640909
  19660601  19660630
  19690124  19690222
  19710303  19710401
  19770424  19770523
  19780109  19780207
  19820403  19820502
  19850324  19850422
  19880519  19880617
  19910422  19910521
  19950805  19950903
  19981008  19981106
  20001010  20001108
  20070426  20070525
  20120301  20120330
