  19160408  19160507
  19221013  19221111
  19250212  19250313
  19250512  19250610
  19260412  19260511
  19300406  19300505
  19310902  19311001
  19340409  19340508
  19360403  19360502
  19410405  19410504
  19410903  19411002
  19420308  19420406
  19540721  19540819
  19570404  19570503
  19590602  19590701
  19620401  19620430
  19630305  19630403
  19640409  19640508
  19660508  19660606
  19670306  19670404
  19700429  19700528
  19760401  19760430
  19780819  19780917
  19830615  19830714
  19850204  19850305
  19860315  19860413
  19870703  19870801
  19880204  19880304
  19950301  19950330
  19950625  19950724
  20000925  20001024
  20020725  20020823
  20060205  20060306
  20070505  20070603
  20150416  20150515
  20160218  20160318
