  19180912  19181011
  19191026  19191124
  19210721  19210819
  19250221  19250322
  19250726  19250824
  19260412  19260511
  19260911  19261010
  19270304  19270402
  19271216  19280114
  19310112  19310210
  19310817  19310915
  19330907  19331006
  19370829  19370927
  19410425  19410524
  19410821  19410919
  19491216  19500114
  19510503  19510601
  19551126  19551225
  19630320  19630418
  19670221  19670322
  19840929  19841028
  19850209  19850310
  19851208  19860106
  19870914  19871013
  19950321  19950419
  20010321  20010419
  20100320  20100418
  20130902  20131001
