  19180430  19180529
  19210503  19210601
  19250317  19250415
  19300527  19300625
  19310105  19310203
  19330510  19330608
  19340303  19340401
  19360203  19360303
  19411223  19420121
  19480414  19480513
  19510422  19510521
  19540516  19540614
  19560619  19560718
  19650330  19650428
  19770421  19770520
  19801202  19801231
  19811026  19811124
  19840514  19840612
  19850212  19850313
  19851212  19860110
  19880402  19880501
  20040225  20040325
  20051005  20051103
  20060511  20060609
  20070302  20070331
  20110504  20110602
