  19160122  19160220
  19170512  19170610
  19240531  19240629
  19250117  19250215
  19330821  19330919
  19360202  19360302
  19400204  19400304
  19491021  19491119
  19520801  19520830
  19540121  19540219
  19540513  19540611
  19550205  19550306
  19551204  19560102
  19560709  19560807
  19561222  19570120
  19620629  19620728
  19630224  19630325
  19630918  19631017
  19650331  19650429
  19780926  19781025
  19870323  19870421
  19880405  19880504
  19960127  19960225
  19990718  19990816
  20000710  20000808
  20020408  20020507
  20030330  20030428
  20040226  20040326
  20050412  20050511
  20080515  20080613
  20100302  20100331
  20110910  20111009
  20121002  20121031
  20160915  20161014
