  19161020  19161118
  19210803  19210901
  19250821  19250919
  19300407  19300506
  19310923  19311022
  19360410  19360509
  19410405  19410504
  19570405  19570504
  19620613  19620712
  19630318  19630416
  19640430  19640529
  19650406  19650505
  19651007  19651105
  19680317  19680415
  19690307  19690405
  19740125  19740223
  19761216  19770114
  19850605  19850704
  19880523  19880621
  19910122  19910220
  19940507  19940605
  19950309  19950407
  19970610  19970709
  19980627  19980726
  20000927  20001026
  20060211  20060312
  20070426  20070525
  20090109  20090207
  20120301  20120330
  20130801  20130830
  20160224  20160324
  20170901  20170930
