  19191026  19191124
  19210717  19210815
  19260414  19260513
  19270302  19270331
  19271216  19280114
  19310112  19310210
  19330901  19330930
  19360411  19360510
  19400821  19400919
  19410821  19410919
  19460213  19460314
  19470414  19470513
  19480601  19480630
  19510730  19510828
  19540716  19540814
  19551126  19551225
  19570609  19570708
  19651008  19651106
  19670218  19670319
  19701111  19701210
  19770320  19770418
  19810901  19810930
  19830615  19830714
  19851208  19860106
  19860827  19860925
  19870921  19871020
  19881119  19881218
  19920614  19920713
  20070711  20070809
  20170107  20170205
