  19180428  19180527
  19260823  19260921
  19300527  19300625
  19310822  19310920
  19321006  19321104
  19330527  19330625
  19360721  19360819
  19410423  19410522
  19420829  19420927
  19520918  19521017
  19530919  19531018
  19590409  19590508
  19600306  19600404
  19630904  19631003
  19650325  19650423
  19651108  19651207
  19660210  19660311
  19660518  19660616
  19720302  19720331
  19780301  19780330
  19800722  19800820
  19870324  19870422
  19880417  19880516
  19981006  19981104
  19990716  19990814
  19991213  20000111
  20050413  20050512
  20050925  20051024
  20100909  20101008
  20161014  20161112
