  19260408  19260507
  19260828  19260926
  19310105  19310203
  19310824  19310922
  19380107  19380205
  19430920  19431019
  19470414  19470513
  19530927  19531026
  19551126  19551225
  19610828  19610926
  19660529  19660627
  19760629  19760728
  19800718  19800816
  19801130  19801229
  19830622  19830721
  19850211  19850312
  19851214  19860112
  19870703  19870801
  19880204  19880304
  19930607  19930706
  19950304  19950402
  19980607  19980706
  20010403  20010502
  20031217  20040115
  20150420  20150519
  20160220  20160320
  20161011  20161109
  20170123  20170221
