  19180130  19180228
  19210212  19210313
  19230902  19231001
  19250209  19250310
  19260407  19260506
  19310105  19310203
  19310513  19310611
  19330910  19331009
  19350902  19351001
  19360417  19360516
  19380910  19381009
  19410829  19410927
  19501207  19510105
  19530927  19531026
  19560503  19560601
  19630929  19631028
  19670221  19670322
  19800705  19800803
  19801124  19801223
  19830701  19830730
  19840817  19840915
  19850207  19850308
  19851207  19860105
  19870913  19871012
  19880123  19880221
  19930512  19930610
  19950302  19950331
  19990708  19990806
  20010330  20010428
  20040212  20040312
  20070302  20070331
  20090622  20090721
  20160219  20160319
  20160823  20160921
