  19241004  19241102
  19260408  19260507
  19300628  19300727
  19310926  19311025
  19340420  19340519
  19360410  19360509
  19390409  19390508
  19391108  19391207
  19410825  19410923
  19460315  19460413
  19470902  19471001
  19480805  19480903
  19510705  19510803
  19551124  19551223
  19570704  19570802
  19610829  19610927
  19630319  19630417
  19660515  19660613
  19710514  19710612
  19761212  19770110
  19770424  19770523
  19800115  19800213
  19840825  19840923
  19880219  19880319
  19880519  19880617
  19891116  19891215
  19900206  19900307
  19910425  19910524
  19950309  19950407
  19990422  19990521
  20011016  20011114
  20020609  20020708
  20060218  20060319
  20070426  20070525
  20090212  20090313
  20101214  20110112
  20120301  20120330
