  19180203  19180304
  19210210  19210311
  19250210  19250311
  19261216  19270114
  19310815  19310913
  19380727  19380825
  19391003  19391101
  19400822  19400920
  19410104  19410202
  19540105  19540203
  19550207  19550308
  19561224  19570122
  19610910  19611009
  19680110  19680208
  19770406  19770505
  19800625  19800724
  19801127  19801226
  19840814  19840912
  19850207  19850308
  19950307  19950405
  19970226  19970327
  20020519  20020617
  20040215  20040315
  20090619  20090718
  20121002  20121031
  20160903  20161002
  20170203  20170304
