  19190903  19191002
  19210822  19210920
  19331202  19331231
  19420904  19421003
  19440805  19440903
  19441107  19441206
  19450109  19450207
  19460315  19460413
  19491230  19500128
  19561111  19561210
  19610829  19610927
  19720830  19720928
  19740915  19741014
  19751115  19751214
  19770312  19770410
  19780803  19780901
  19800825  19800923
  19961008  19961106
  19980507  19980605
  20000203  20000303
  20000920  20001019
  20060906  20061005
  20090903  20091002
  20100623  20100722
  20100824  20100922
  20121013  20121111
  20161003  20161101
