  19180920  19181019
  19210227  19210328
  19210808  19210906
  19220902  19221001
  19230521  19230619
  19241006  19241104
  19270220  19270321
  19300308  19300406
  19300710  19300808
  19360412  19360511
  19390426  19390525
  19391107  19391206
  19410405  19410504
  19430710  19430808
  19440104  19440202
  19450228  19450329
  19570406  19570505
  19630314  19630412
  19640424  19640523
  19641012  19641110
  19651007  19651105
  19660623  19660722
  19680313  19680411
  19680906  19681005
  19690424  19690523
  19850212  19850313
  19880524  19880622
  19970820  19970918
  20001002  20001031
  20060209  20060310
  20090117  20090215
  20110504  20110602
  20120229  20120329
