  19180920  19181019
  19220831  19220929
  19240930  19241029
  19270223  19270324
  19300824  19300922
  19391109  19391208
  19410319  19410417
  19410828  19410926
  19420327  19420425
  19440104  19440202
  19440620  19440719
  19490515  19490613
  19540510  19540608
  19551120  19551219
  19570410  19570509
  19620414  19620513
  19621207  19630105
  19630306  19630404
  19640206  19640306
  19640713  19640811
  19651008  19651106
  19660519  19660617
  19680911  19681010
  19710531  19710629
  19720714  19720812
  19800119  19800217
  19801125  19801224
  19880305  19880403
  19880520  19880618
  19891116  19891215
  19920124  19920222
  19980621  19980720
  19981011  19981109
  19990525  19990623
  20010926  20011025
  20050702  20050731
  20060209  20060310
  20090115  20090213
  20101213  20110111
  20130905  20131004
  20160802  20160831
  20170830  20170928
  20171109  20171208
