  19160829  19160927
  19180130  19180228
  19261215  19270113
  19300403  19300502
  19310521  19310619
  19350917  19351016
  19380107  19380205
  19391006  19391104
  19530516  19530614
  19530723  19530821
  19560709  19560807
  19620415  19620514
  19630306  19630404
  19650320  19650418
  19670212  19670313
  19680113  19680211
  19770423  19770522
  19841203  19850101
  19850226  19850327
  19851214  19860112
  19870329  19870427
  19870701  19870730
  19880203  19880303
  19890115  19890213
  19981115  19981214
  19990717  19990815
  20000404  20000503
  20040225  20040325
  20060511  20060609
  20070302  20070331
  20100717  20100815
  20160918  20161017
  20171028  20171126
