  19180203  19180304
  19210515  19210613
  19240717  19240815
  19250206  19250307
  19300403  19300502
  19310521  19310619
  19311008  19311106
  19320222  19320322
  19330427  19330526
  19350912  19351011
  19371223  19380121
  19410321  19410419
  19520601  19520630
  19550207  19550308
  19560708  19560806
  19561224  19570122
  19630227  19630328
  19630928  19631027
  19670210  19670311
  19680102  19680131
  19720308  19720406
  19801126  19801225
  19840827  19840925
  19841204  19850102
  19850226  19850327
  19860314  19860412
  19870913  19871012
  19890101  19890130
  19890721  19890819
  19900714  19900812
  19970809  19970907
  19991221  20000119
  20040224  20040324
  20060512  20060610
  20160918  20161017
