  19161020  19161118
  19170325  19170423
  19180201  19180302
  19200918  19201017
  19210511  19210609
  19240721  19240819
  19300318  19300416
  19310507  19310605
  19340307  19340405
  19350904  19351003
  19360329  19360427
  19380911  19381010
  19390819  19390917
  19410404  19410503
  19410828  19410926
  19420319  19420417
  19431108  19431207
  19450213  19450314
  19480328  19480426
  19520311  19520409
  19540602  19540701
  19620406  19620505
  19630909  19631008
  19651006  19651104
  19670228  19670329
  19820418  19820517
  19830202  19830303
  19830701  19830730
  19850205  19850306
  19860315  19860413
  19870415  19870514
  19870704  19870802
  19880419  19880518
  19920312  19920410
  19950217  19950318
  20070506  20070604
  20120303  20120401
  20150414  20150513
  20160918  20161017
