  19161022  19161120
  19210104  19210202
  19220826  19220924
  19240701  19240730
  19250209  19250310
  19271229  19280127
  19300521  19300619
  19330830  19330928
  19350911  19351010
  19470624  19470723
  19511221  19520119
  19530826  19530924
  19540115  19540213
  19550206  19550307
  19550811  19550909
  19551202  19551231
  19600506  19600604
  19620804  19620902
  19650309  19650407
  19680105  19680203
  19690519  19690617
  19770428  19770527
  19780929  19781028
  19800721  19800819
  19801202  19801231
  19841127  19841226
  19880408  19880507
  19900713  19900811
  19990314  19990412
  20010404  20010503
  20040226  20040326
  20050926  20051025
  20070213  20070314
  20090524  20090622
  20100823  20100921
  20110316  20110414
  20160912  20161011
  20170119  20170217
