  19180622  19180721
  19220903  19221002
  19230920  19231019
  19241012  19241110
  19250306  19250404
  19250511  19250609
  19260408  19260507
  19280821  19280919
  19300417  19300516
  19320716  19320814
  19340404  19340503
  19360411  19360510
  19380919  19381018
  19390803  19390901
  19400904  19401003
  19410304  19410402
  19430905  19431004
  19441005  19441103
  19460227  19460328
  19460817  19460915
  19470921  19471020
  19530809  19530907
  19570711  19570809
  19600821  19600919
  19640812  19640910
  19660221  19660322
  19660531  19660629
  19660814  19660912
  19690131  19690301
  19710306  19710404
  19760321  19760419
  19770423  19770522
  19820325  19820423
  19850328  19850426
  19880519  19880617
  19910419  19910518
  19950805  19950903
  20120229  20120329
