  19180920  19181019
  19210227  19210328
  19210808  19210906
  19220902  19221001
  19270220  19270321
  19300308  19300406
  19300710  19300808
  19360411  19360510
  19391111  19391210
  19410405  19410504
  19430709  19430807
  19440104  19440202
  19450227  19450328
  19541218  19550116
  19550305  19550403
  19570605  19570704
  19630320  19630418
  19640424  19640523
  19651005  19651103
  19660626  19660725
  19661024  19661122
  19680317  19680415
  19680906  19681005
  19760130  19760228
  19800815  19800913
  19850212  19850313
  19860209  19860310
  19860905  19861004
  19880518  19880616
  19950615  19950714
  19990419  19990518
  20000927  20001026
  20050724  20050822
  20060205  20060306
  20100519  20100617
