  19170908  19171007
  19180212  19180313
  19220901  19220930
  19240920  19241019
  19260331  19260429
  19310829  19310927
  19320408  19320507
  19330525  19330623
  19410202  19410303
  19440615  19440714
  19460803  19460901
  19470706  19470804
  19560901  19560930
  19590328  19590426
  19600305  19600403
  19630305  19630403
  19640512  19640610
  19650328  19650426
  19660218  19660319
  19720429  19720528
  19760311  19760409
  19780302  19780331
  19830705  19830803
  19870324  19870422
  19880403  19880502
  20000721  20000819
  20010315  20010413
  20050430  20050529
  20100910  20101009
  20120309  20120407
  20160108  20160206
  20161014  20161112
