  19180131  19180301
  19210210  19210311
  19230905  19231004
  19261215  19270113
  19270310  19270408
  19310108  19310206
  19310506  19310604
  19350909  19351008
  19360415  19360514
  19390928  19391027
  19510422  19510521
  19540116  19540214
  19551126  19551225
  19560424  19560523
  19600514  19600612
  19610909  19611008
  19670221  19670322
  19680112  19680210
  19770404  19770503
  19780809  19780907
  19801127  19801226
  19840823  19840921
  19850208  19850309
  19851214  19860112
  19860320  19860418
  19880203  19880303
  19950303  19950401
  20040212  20040312
  20060511  20060609
  20070302  20070331
  20170128  20170226
