  19250314  19250412
  19360501  19360530
  19380917  19381016
  19390819  19390917
  19400626  19400725
  19460307  19460405
  19460818  19460916
  19530802  19530831
  19590523  19590621
  19600210  19600310
  19620313  19620411
  19650411  19650510
  19660218  19660319
  19740623  19740722
  19760306  19760404
  19770504  19770602
  19820330  19820428
  19830204  19830305
  19830724  19830822
  19910904  19911003
  19990419  19990518
  20020614  20020713
  20080913  20081012
  20120501  20120530
  20180410  20180509
