  19260827  19260925
  19281031  19281129
  19310108  19310206
  19310903  19311002
  19360418  19360517
  19430921  19431020
  19450223  19450324
  19531003  19531101
  19550209  19550310
  19610831  19610929
  19660305  19660403
  19680817  19680915
  19760623  19760722
  19770404  19770503
  19800719  19800817
  19830622  19830721
  19850213  19850314
  19851214  19860112
  19880204  19880304
  19930615  19930714
  19950301  19950330
  19980610  19980709
  20000924  20001023
  20010402  20010501
  20031217  20040115
  20070421  20070520
  20160223  20160323
  20170123  20170221
