  19180212  19180313
  19210429  19210528
  19220901  19220930
  19260402  19260501
  19310901  19310930
  19320417  19320516
  19330524  19330622
  19360409  19360508
  19380831  19380929
  19400811  19400909
  19410124  19410222
  19441004  19441102
  19490325  19490423
  19520405  19520504
  19520902  19521001
  19530522  19530620
  19550728  19550826
  19560901  19560930
  19630305  19630403
  19630829  19630927
  19650402  19650501
  19670228  19670329
  19710221  19710322
  19801209  19810107
  19830702  19830731
  19870414  19870513
  19880401  19880430
  19891022  19891120
  19950216  19950317
  19991014  19991112
  20010405  20010504
  20050928  20051027
  20100910  20101009
  20120309  20120407
  20170901  20170930
