  19180212  19180313
  19190711  19190809
  19210430  19210529
  19240921  19241020
  19260401  19260430
  19320327  19320425
  19330524  19330622
  19340411  19340510
  19360409  19360508
  19470120  19470218
  19470707  19470805
  19520524  19520622
  19530511  19530609
  19560901  19560930
  19620413  19620512
  19630316  19630414
  19640511  19640609
  19651005  19651103
  19660518  19660616
  19710218  19710319
  19720422  19720521
  19830730  19830828
  19870325  19870423
  19880407  19880506
  19960118  19960216
  19990710  19990808
  20000723  20000821
  20050430  20050529
  20100916  20101015
  20120327  20120425
