  19180202  19180303
  19190828  19190926
  19210210  19210311
  19270817  19270915
  19271217  19280115
  19310508  19310606
  19310814  19310912
  19350917  19351016
  19371224  19380122
  19380726  19380824
  19390927  19391026
  19410103  19410201
  19430921  19431020
  19501231  19510129
  19530503  19530601
  19540105  19540203
  19540601  19540630
  19550206  19550307
  19610911  19611010
  19680110  19680208
  19770409  19770508
  19780903  19781002
  19801128  19801227
  19810402  19810501
  19810823  19810921
  19840804  19840902
  19850206  19850307
  19870626  19870725
  19870912  19871011
  19950312  19950410
  19980520  19980618
  19990706  19990804
  20040226  20040326
  20080511  20080609
  20170130  20170228
