  19191220  19200118
  19220904  19221003
  19240127  19240225
  19241007  19241105
  19300915  19301014
  19340123  19340221
  19360411  19360510
  19390409  19390508
  19410825  19410923
  19460309  19460407
  19461026  19461124
  19480802  19480831
  19551124  19551223
  19590429  19590528
  19610829  19610927
  19620406  19620505
  19630320  19630418
  19651008  19651106
  19660521  19660619
  19720725  19720823
  19800805  19800903
  19810219  19810320
  19820818  19820916
  19840827  19840925
  19870415  19870514
  19880519  19880617
  19891119  19891218
  19910424  19910523
  19950308  19950406
  19981010  19981108
  20011002  20011031
  20060220  20060321
  20070428  20070527
  20090211  20090312
  20170826  20170924
