  19161020  19161118
  19230415  19230514
  19250505  19250603
  19260409  19260508
  19310926  19311025
  19360410  19360509
  19380920  19381019
  19410405  19410504
  19410827  19410925
  19450227  19450328
  19530907  19531006
  19560410  19560509
  19570614  19570713
  19630318  19630416
  19640429  19640528
  19650419  19650518
  19651008  19651106
  19680317  19680415
  19690926  19691025
  19760401  19760430
  19770405  19770504
  19860902  19861001
  19870701  19870730
  19910420  19910519
  19950309  19950407
  19980817  19980915
  20001001  20001030
  20010927  20011026
  20060211  20060312
  20070427  20070526
  20120301  20120330
  20161003  20161101
  20170124  20170222
  20171114  20171213
