  19171114  19171213
  19210216  19210317
  19260407  19260506
  19310507  19310605
  19350908  19351007
  19360421  19360520
  19380912  19381011
  19390927  19391026
  19400910  19401009
  19501208  19510106
  19531004  19531102
  19560502  19560531
  19600508  19600606
  19610921  19611020
  19770412  19770511
  19780912  19781011
  19800702  19800731
  19801125  19801224
  19850212  19850313
  19851209  19860107
  19880204  19880304
  19950305  19950403
  19980612  19980711
  20031205  20040103
  20040216  20040316
  20070302  20070331
  20170123  20170221
