  19161024  19161122
  19210226  19210327
  19260412  19260511
  19300406  19300505
  19360331  19360429
  19390407  19390506
  19390818  19390916
  19410827  19410925
  19420318  19420416
  19470330  19470428
  19530906  19531005
  19570405  19570504
  19600318  19600416
  19620407  19620506
  19630305  19630403
  19630914  19631013
  19640408  19640507
  19651009  19651107
  19660505  19660603
  19760330  19760428
  19770110  19770208
  19860224  19860325
  19870704  19870802
  19880204  19880304
  19950228  19950329
  19980731  19980829
  20000925  20001024
  20070504  20070602
  20150416  20150515
  20160218  20160318
