  19160122  19160220
  19161018  19161116
  19201228  19210126
  19240608  19240707
  19370501  19370530
  19390226  19390327
  19510511  19510609
  19520921  19521020
  19530824  19530922
  19540729  19540827
  19541104  19541203
  19550205  19550306
  19600506  19600604
  19620114  19620212
  19630219  19630320
  19650224  19650325
  19810208  19810309
  19890119  19890217
  19980429  19980528
  19990111  19990209
  19990314  19990412
  19990720  19990818
  19991012  19991110
  20020408  20020507
  20030408  20030507
  20040721  20040819
  20050322  20050420
  20050924  20051023
  20100302  20100331
  20110903  20111002
  20160916  20161015
