  19160122  19160220
  19161019  19161117
  19180130  19180228
  19300527  19300625
  19310830  19310928
  19330831  19330929
  19360130  19360228
  19430409  19430508
  19491101  19491130
  19520530  19520628
  19530824  19530922
  19540514  19540612
  19550205  19550306
  19600507  19600605
  19630219  19630320
  19650330  19650428
  19770501  19770530
  19781004  19781102
  19810713  19810811
  19880404  19880503
  19990326  19990424
  20040223  20040323
  20070302  20070331
  20090525  20090623
  20100325  20100423
  20110504  20110602
  20160913  20161012
  20170104  20170202
  20171104  20171203
