  19210930  19211029
  19250317  19250415
  19260512  19260610
  19300525  19300623
  19310829  19310927
  19350710  19350808
  19360203  19360303
  19370320  19370418
  19380827  19380925
  19410424  19410523
  19430330  19430428
  19440608  19440707
  19480514  19480612
  19530519  19530617
  19540528  19540626
  19560901  19560930
  19600306  19600404
  19630914  19631013
  19650326  19650424
  19660210  19660311
  19660519  19660617
  19670220  19670321
  19760314  19760412
  19770423  19770522
  19780302  19780331
  19780626  19780725
  19801202  19801231
  19860206  19860307
  19870325  19870423
  19880402  19880501
  20050926  20051025
  20100204  20100305
  20120404  20120503
