  19210423  19210522
  19220506  19220604
  19240930  19241029
  19250314  19250412
  19330520  19330618
  19360502  19360531
  19380913  19381012
  19390809  19390907
  19460303  19460401
  19460817  19460915
  19530802  19530831
  19630820  19630918
  19640420  19640519
  19650414  19650513
  19660212  19660313
  19760309  19760407
  19770505  19770603
  19870415  19870514
  19880406  19880505
  19920418  19920517
  19970910  19971009
  20010225  20010326
  20070412  20070511
  20100821  20100919
  20120501  20120530
  20180409  20180508
