  19210430  19210529
  19210818  19210916
  19220901  19220930
  19230523  19230621
  19240930  19241029
  19270308  19270406
  19320414  19320513
  19410901  19410930
  19460303  19460401
  19480807  19480905
  19500903  19501002
  19530519  19530617
  19561007  19561105
  19570302  19570331
  19590401  19590430
  19610829  19610927
  19630818  19630916
  19640823  19640921
  19660306  19660404
  19710515  19710613
  19710925  19711024
  19730922  19731021
  19770424  19770523
  19860322  19860420
  19870405  19870504
  19930621  19930720
  19940926  19941025
  19950307  19950405
  19990323  19990421
  20010711  20010809
  20160817  20160915
  20170826  20170924
