  19220831  19220929
  19230521  19230619
  19241007  19241105
  19300407  19300506
  19300701  19300730
  19300917  19301016
  19310907  19311006
  19340117  19340215
  19360412  19360511
  19390429  19390528
  19391106  19391205
  19410827  19410925
  19430711  19430809
  19440105  19440203
  19460318  19460416
  19550611  19550710
  19551116  19551215
  19570408  19570507
  19630306  19630404
  19640423  19640522
  19640713  19640811
  19651008  19651106
  19660519  19660617
  19700823  19700921
  19710531  19710629
  19800527  19800625
  19880521  19880619
  19891116  19891215
  19910507  19910605
  19950308  19950406
  19981013  19981111
  20001006  20001104
  20010927  20011026
  20020609  20020708
  20060218  20060319
  20080524  20080622
  20101212  20110110
  20120301  20120330
  20120602  20120701
