  19210502  19210531
  19240630  19240729
  19270622  19270721
  19300528  19300626
  19310105  19310203
  19330506  19330604
  19340304  19340402
  19360207  19360307
  19411223  19420121
  19550809  19550907
  19581121  19581220
  19650405  19650504
  19801202  19801231
  19810706  19810804
  19850211  19850312
  19851212  19860110
  19870326  19870424
  19911214  19920112
  20000412  20000511
  20040226  20040326
  20060512  20060610
  20070710  20070808
  20150704  20150802
  20160912  20161011
