  19210228  19210329
  19300407  19300506
  19310926  19311025
  19331026  19331124
  19360410  19360509
  19410405  19410504
  19430711  19430809
  19440104  19440202
  19570405  19570504
  19620613  19620712
  19630315  19630413
  19640429  19640528
  19650409  19650508
  19651007  19651105
  19680317  19680415
  19760201  19760301
  19761210  19770108
  19800119  19800217
  19850212  19850313
  19860418  19860517
  19880524  19880622
  19950309  19950407
  19970609  19970708
  20000930  20001029
  20060209  20060310
  20070425  20070524
  20090114  20090212
  20120301  20120330
  20160302  20160331
  20160930  20161029
