  19241019  19241117
  19260408  19260507
  19280821  19280919
  19330915  19331014
  19360411  19360510
  19380920  19381019
  19390415  19390514
  19430817  19430915
  19460304  19460402
  19470908  19471007
  19480805  19480903
  19490525  19490623
  19490924  19491023
  19520530  19520628
  19530920  19531019
  19550426  19550525
  19590430  19590529
  19640822  19640920
  19690804  19690902
  19710925  19711024
  19770424  19770523
  19810220  19810321
  19820401  19820430
  19850326  19850424
  19880223  19880323
  19880520  19880618
  19910423  19910522
