  19191210  19200108
  19240930  19241029
  19300830  19300928
  19331025  19331123
  19390418  19390517
  19391106  19391205
  19410828  19410926
  19420324  19420422
  19461012  19461110
  19480807  19480905
  19490522  19490620
  19540511  19540609
  19551122  19551221
  19620401  19620430
  19621206  19630104
  19630306  19630404
  19640419  19640518
  19640713  19640811
  19650213  19650314
  19660227  19660328
  19660528  19660626
  19720803  19720901
  19800118  19800216
  19801128  19801227
  19880305  19880403
  19880520  19880618
  19950302  19950331
  19950717  19950815
  19981014  19981112
  19990524  19990622
  20010928  20011027
  20060216  20060317
  20130922  20131021
  20160731  20160829
