  19171030  19171128
  19190522  19190620
  19210809  19210907
  19211220  19220118
  19240924  19241023
  19250313  19250411
  19260122  19260220
  19270308  19270406
  19300815  19300913
  19320412  19320511
  19350919  19351018
  19420402  19420501
  19500422  19500521
  19520607  19520706
  19521007  19521105
  19550811  19550909
  19551108  19551207
  19581129  19581228
  19590329  19590427
  19640415  19640514
  19711010  19711108
  19750406  19750505
  19801129  19801228
  19810215  19810316
  19850312  19850410
  19860926  19861025
  19880218  19880318
  19891109  19891208
  19930607  19930706
  19950309  19950407
  19990322  19990420
  20001222  20010120
  20010331  20010429
  20010717  20010815
  20020709  20020807
  20060220  20060321
  20130226  20130327
  20150122  20150220
  20160822  20160920
  20180428  20180527
