  19241003  19241101
  19300328  19300426
  19350911  19351010
  19360413  19360512
  19380209  19380310
  19390408  19390507
  19410901  19410930
  19440416  19440515
  19461019  19461117
  19480807  19480905
  19490521  19490619
  19530511  19530609
  19550425  19550524
  19570405  19570504
  19590411  19590510
  19620401  19620430
  19640408  19640507
  19660610  19660709
  19710522  19710620
  19810224  19810325
  19860314  19860412
  19870419  19870518
  19970514  19970612
  19990524  19990622
  20060206  20060307
  20130308  20130406
  20130922  20131021
  20150421  20150520
