  19170929  19171028
  19210202  19210303
  19210809  19210907
  19240701  19240730
  19250217  19250318
  19270805  19270903
  19310512  19310610
  19310814  19310912
  19351004  19351102
  19360802  19360831
  19420927  19421026
  19430921  19431020
  19461117  19461216
  19540109  19540207
  19550201  19550302
  19561110  19561209
  19610831  19610929
  19630929  19631028
  19670216  19670317
  19670824  19670922
  19680102  19680131
  19720829  19720927
  19740928  19741027
  19770323  19770421
  19780810  19780908
  19810829  19810927
  19841126  19841225
  19860314  19860412
  19870905  19871004
  19880517  19880615
  19881212  19890110
  19900808  19900906
  19980505  19980603
  19981011  19981109
  19990201  19990302
  20000425  20000524
  20010921  20011020
  20040226  20040326
  20060614  20060713
  20070302  20070331
  20081208  20090106
  20110727  20110825
  20120311  20120409
