  19210812  19210910
  19241002  19241031
  19270312  19270410
  19280911  19281010
  19320413  19320512
  19410901  19410930
  19440713  19440811
  19460308  19460406
  19480806  19480904
  19490302  19490331
  19521003  19521101
  19530520  19530618
  19561007  19561105
  19570316  19570414
  19590408  19590507
  19640823  19640921
  19650305  19650403
  19660306  19660404
  19710514  19710612
  19711011  19711109
  19830612  19830711
  19850310  19850408
  19941001  19941030
  19950301  19950330
  19990520  19990618
  20010925  20011024
  20130926  20131025
  20170825  20170923
  20180423  20180522
