  19210501  19210530
  19240928  19241027
  19250318  19250416
  19300402  19300501
  19330521  19330619
  19340326  19340424
  19340929  19341028
  19360409  19360508
  19380914  19381013
  19390418  19390517
  19390819  19390917
  19400716  19400814
  19460830  19460928
  19480507  19480605
  19490328  19490426
  19530804  19530902
  19580124  19580222
  19650414  19650513
  19660210  19660311
  19690201  19690302
  19750615  19750714
  19760226  19760326
  19780108  19780206
  19820331  19820429
  19830129  19830227
  19860312  19860410
  19870402  19870501
  19870805  19870903
  19880408  19880507
  19950217  19950318
  19970910  19971009
  20010219  20010320
  20020616  20020715
  20070426  20070525
  20150414  20150513
  20161022  20161120
