  19180718  19180816
  19200523  19200621
  19210604  19210703
  19320611  19320710
  19380801  19380830
  19410502  19410531
  19420620  19420719
  19440518  19440616
  19440802  19440831
  19480602  19480701
  19500406  19500505
  19511014  19511112
  19610629  19610728
  19670330  19670428
  19770910  19771009
  19860820  19860918
  19870722  19870820
  19880820  19880918
  19901010  19901108
  19960711  19960809
  20020909  20021008
  20040503  20040601
  20060920  20061019
  20090914  20091013
