  19210731  19210829
  19431013  19431111
  19500101  19500130
  19540727  19540825
  19561113  19561212
  19580802  19580831
  19670307  19670405
  19670928  19671027
  19680311  19680409
  19740915  19741014
  19770310  19770408
  19780816  19780914
  19800823  19800921
  19930531  19930629
  19930830  19930928
  19961007  19961105
  19980415  19980514
  20000919  20001018
  20080409  20080508
  20090903  20091002
  20100825  20100923
  20110403  20110502
  20121005  20121103
  20130925  20131024
  20161007  20161105
