  19160128  19160226
  19210103  19210201
  19250117  19250215
  19300520  19300618
  19320308  19320406
  19390301  19390330
  19530224  19530325
  19530827  19530925
  19540110  19540208
  19551202  19551231
  19561222  19570120
  19581118  19581217
  19620115  19620213
  19630224  19630325
  19780926  19781025
  19810208  19810309
  19811109  19811208
  19890907  19891006
  19980503  19980601
  19990110  19990208
  20020408  20020507
  20030408  20030507
  20050402  20050501
  20110905  20111004
  20160916  20161015
