  19260409  19260508
  19300407  19300506
  19310926  19311025
  19360409  19360508
  19410405  19410504
  19410827  19410925
  19530907  19531006
  19570405  19570504
  19630315  19630413
  19630611  19630710
  19640429  19640528
  19650415  19650514
  19651008  19651106
  19680316  19680414
  19760131  19760229
  19760401  19760430
  19761213  19770111
  19770404  19770503
  19800117  19800215
  19830629  19830728
  19860417  19860516
  19870701  19870730
  19891118  19891217
  19970603  19970702
  20001006  20001104
  20010927  20011026
  20060209  20060310
  20070425  20070524
  20070824  20070922
  20120301  20120330
  20160930  20161029
  20170124  20170222
  20171113  20171212
