  19160303  19160401
  19180203  19180304
  19210228  19210329
  19210514  19210612
  19260411  19260510
  19270310  19270408
  19271220  19280118
  19310112  19310210
  19310823  19310921
  19350109  19350207
  19360423  19360522
  19391001  19391030
  19400827  19400925
  19410103  19410201
  19540116  19540214
  19550206  19550307
  19560502  19560531
  19610920  19611019
  19630714  19630812
  19740915  19741014
  19770409  19770508
  19780903  19781002
  19800625  19800724
  19801205  19810103
  19840821  19840919
  19850209  19850310
  19870913  19871012
  19880205  19880305
  19900611  19900710
  19950303  19950401
  19980605  19980704
  19990706  19990804
  20010728  20010826
  20020519  20020617
  20031214  20040112
  20070302  20070331
  20080511  20080609
  20170127  20170225
