  19241003  19241101
  19280209  19280309
  19350910  19351009
  19390408  19390507
  19391115  19391214
  19430531  19430629
  19460304  19460402
  19461019  19461117
  19470729  19470827
  19480816  19480914
  19520916  19521015
  19560714  19560812
  19630321  19630419
  19640421  19640520
  19651015  19651113
  19660610  19660709
  19710522  19710620
  19720725  19720823
  19730803  19730901
  19800112  19800210
  19800428  19800527
  19800802  19800831
  19810221  19810322
  19860318  19860416
  19880220  19880320
  19910426  19910525
  19950309  19950407
  19981011  19981109
  20030103  20030201
  20131008  20131106
  20140807  20140905
  20150115  20150213
  20150410  20150509
  20160805  20160903
