  19160202  19160302
  19170503  19170601
  19180203  19180304
  19201226  19210124
  19210522  19210620
  19210830  19210928
  19240703  19240801
  19250209  19250310
  19261114  19261213
  19300325  19300423
  19311007  19311105
  19320108  19320206
  19350911  19351010
  19371223  19380121
  19410714  19410812
  19521001  19521030
  19540724  19540822
  19550206  19550307
  19630225  19630326
  19630727  19630825
  19670210  19670311
  19671228  19680126
  19680918  19681017
  19700607  19700706
  19710924  19711023
  19770601  19770630
  19801128  19801227
  19810901  19810930
  19840811  19840909
  19880405  19880504
  19881211  19890109
  19890718  19890816
  19900709  19900807
  19970802  19970831
  19990401  19990430
  19991221  20000119
  20010401  20010430
  20040228  20040328
  20060511  20060609
  20140719  20140817
  20160917  20161016
