  19210102  19210131
  19240701  19240730
  19250220  19250321
  19310906  19311005
  19320221  19320321
  19330908  19331007
  19510702  19510731
  19520716  19520814
  19540115  19540213
  19540712  19540810
  19550206  19550307
  19551202  19551231
  19630306  19630404
  19650312  19650410
  19680108  19680206
  19800721  19800819
  19801201  19801230
  19820218  19820319
  19841129  19841228
  19880403  19880502
  19890728  19890826
  19900713  19900811
  19940717  19940815
  19970814  19970912
  19990314  19990412
  20040227  20040327
  20090527  20090625
  20100830  20100928
  20160917  20161016
