  19210212  19210313
  19250224  19250325
  19260413  19260512
  19300406  19300505
  19310926  19311025
  19320803  19320901
  19340417  19340516
  19360401  19360430
  19380915  19381014
  19390418  19390517
  19410405  19410504
  19410830  19410928
  19420307  19420405
  19450301  19450330
  19460807  19460905
  19510906  19511005
  19570405  19570504
  19620402  19620501
  19630306  19630404
  19640414  19640513
  19650421  19650520
  19660508  19660606
  19680316  19680414
  19760401  19760430
  19780109  19780207
  19780901  19780930
  19820406  19820505
  19830724  19830822
  19860226  19860327
  19880203  19880303
  19880525  19880623
  19910424  19910523
  19940907  19941006
  19950217  19950318
  19990306  19990404
  20001003  20001101
  20020714  20020812
  20060127  20060225
  20150421  20150520
