  19230907  19231006
  19241008  19241106
  19250215  19250316
  19290630  19290729
  19300707  19300805
  19310926  19311025
  19360409  19360508
  19390419  19390518
  19391107  19391206
  19410827  19410925
  19460315  19460413
  19510907  19511006
  19660221  19660322
  19660512  19660610
  19690201  19690302
  19760401  19760430
  19761213  19770111
  19780108  19780206
  19800115  19800213
  19830724  19830822
  19860417  19860516
  19860717  19860815
  19891116  19891215
  19900204  19900305
  19940511  19940609
  19950309  19950407
  19950806  19950904
  19970309  19970407
  19981009  19981107
  19990420  19990519
  20010926  20011025
  20020607  20020706
  20050330  20050428
  20060129  20060227
  20101216  20110114
  20110603  20110702
  20120301  20120330
  20160304  20160402
  20161010  20161108
