  19180201  19180302
  19190812  19190910
  19210210  19210311
  19230910  19231009
  19260409  19260508
  19310106  19310204
  19310512  19310610
  19310822  19310920
  19350830  19350928
  19360408  19360507
  19420318  19420416
  19470416  19470515
  19480329  19480427
  19530927  19531026
  19560503  19560601
  19630929  19631028
  19640513  19640611
  19660220  19660321
  19670223  19670324
  19780829  19780927
  19800704  19800802
  19801127  19801226
  19830701  19830730
  19840826  19840924
  19850206  19850307
  19851206  19860104
  19870626  19870725
  19870918  19871017
  19880120  19880218
  19950228  19950329
  19970724  19970822
  19980613  19980712
  19990708  19990806
  20010330  20010428
  20020714  20020812
  20040212  20040312
  20060124  20060222
  20160217  20160317
  20160823  20160921
