  19170710  19170808
  19180922  19181021
  19210228  19210329
  19210808  19210906
  19220904  19221003
  19230521  19230619
  19240930  19241029
  19270222  19270323
  19300914  19301013
  19310907  19311006
  19380223  19380324
  19390429  19390528
  19391106  19391205
  19410406  19410505
  19420326  19420424
  19430707  19430805
  19480822  19480920
  19490522  19490620
  19530817  19530915
  19551122  19551221
  19570409  19570508
  19600406  19600505
  19630310  19630408
  19640428  19640527
  19640708  19640806
  19641009  19641107
  19651007  19651105
  19680803  19680901
  19700823  19700921
  19710531  19710629
  19760222  19760322
  19801128  19801227
  19830618  19830717
  19860416  19860515
  19880521  19880619
  19910422  19910521
  19950309  19950407
  19980626  19980725
  20060208  20060309
  20090128  20090226
  20100714  20100812
  20120301  20120330
