  19171101  19171130
  19210408  19210507
  19210808  19210906
  19270313  19270411
  19420615  19420714
  19431126  19431225
  19480812  19480910
  19551109  19551208
  19561007  19561105
  19570228  19570329
  19570722  19570820
  19590406  19590505
  19630817  19630915
  19640823  19640921
  19650303  19650401
  19660307  19660405
  19680912  19681011
  19711011  19711109
  19840712  19840810
  19891118  19891217
  19940927  19941026
  19950309  19950407
  19960730  19960828
  20020714  20020812
  20040926  20041025
  20160817  20160915
  20170825  20170923
