  19180421  19180520
  19260511  19260609
  19300528  19300626
  19310910  19311009
  19350712  19350810
  19440610  19440709
  19470627  19470726
  19480515  19480613
  19520529  19520627
  19530520  19530618
  19540130  19540228
  19560501  19560530
  19640424  19640523
  19650326  19650424
  19660211  19660312
  19660518  19660616
  19720130  19720228
  19760312  19760410
  19770502  19770531
  19870324  19870422
  19880402  19880501
  19920314  19920412
  19980319  19980417
  20000711  20000809
  20110521  20110619
  20120418  20120517
