  19161021  19161119
  19170325  19170423
  19180212  19180313
  19210428  19210527
  19240924  19241023
  19250327  19250425
  19260403  19260502
  19310829  19310927
  19360325  19360423
  19360703  19360801
  19380914  19381013
  19410126  19410224
  19420413  19420512
  19520401  19520430
  19530722  19530820
  19540603  19540702
  19580506  19580604
  19620418  19620517
  19630305  19630403
  19630829  19630927
  19650405  19650504
  19651003  19651101
  19660210  19660311
  19851205  19860103
  19870414  19870513
  19880402  19880501
  19890329  19890427
  19920327  19920425
  19981008  19981106
  19990713  19990811
  19991214  20000112
  20040212  20040312
  20070213  20070314
  20070414  20070513
  20100911  20101010
  20120309  20120407
