  19180130  19180228
  19210430  19210529
  19240718  19240816
  19270627  19270726
  19281119  19281218
  19300524  19300622
  19310112  19310210
  19310521  19310619
  19330505  19330603
  19380915  19381014
  19391003  19391101
  19420321  19420419
  19530510  19530608
  19540116  19540214
  19551202  19551231
  19570711  19570809
  19621121  19621220
  19650403  19650502
  19770417  19770516
  19780622  19780721
  19801201  19801230
  19830713  19830811
  19841202  19841231
  19850211  19850312
  19851213  19860111
  19870324  19870422
  19870626  19870725
  19990715  19990813
  20000413  20000512
  20040226  20040326
  20060510  20060608
  20080602  20080701
