  19161020  19161118
  19210803  19210901
  19250821  19250919
  19310926  19311025
  19331018  19331116
  19360410  19360509
  19410405  19410504
  19450223  19450324
  19570405  19570504
  19570609  19570708
  19620704  19620802
  19630315  19630413
  19640429  19640528
  19650407  19650506
  19651007  19651105
  19680317  19680415
  19850212  19850313
  19860828  19860926
  19950309  19950407
  19980628  19980727
  20000928  20001027
  20060208  20060309
  20070425  20070524
  20090111  20090209
  20120301  20120330
  20160302  20160331
  20160731  20160829
  20161001  20161030
