  19160122  19160220
  19161018  19161116
  19210101  19210130
  19240701  19240730
  19250203  19250304
  19300520  19300618
  19330902  19331001
  19350910  19351009
  19360526  19360624
  19370120  19370218
  19380819  19380917
  19390226  19390327
  19391118  19391217
  19491030  19491128
  19511220  19520118
  19530822  19530920
  19540110  19540208
  19550205  19550306
  19551202  19551231
  19600506  19600604
  19630224  19630325
  19650307  19650405
  19680101  19680130
  19770430  19770529
  19780928  19781027
  19810702  19810731
  19860205  19860306
  19880410  19880509
  19970817  19970915
  19980428  19980527
  19990314  19990412
  19991221  20000119
  20010401  20010430
  20020403  20020502
  20030408  20030507
  20050924  20051023
  20100303  20100401
  20110908  20111007
  20160911  20161010
  20170108  20170206
