  19180219  19180320
  19180520  19180618
  19190711  19190809
  19210430  19210529
  19240925  19241024
  19260408  19260507
  19300402  19300501
  19331105  19331204
  19360328  19360426
  19390813  19390911
  19440504  19440602
  19441005  19441103
  19460221  19460322
  19510422  19510521
  19560901  19560930
  19610824  19610922
  19630311  19630409
  19640928  19641027
  19650404  19650503
  19651020  19651118
  19660607  19660706
  19720429  19720528
  19860312  19860410
  19870414  19870513
  19880330  19880428
  19910704  19910802
  19950217  19950318
  20010403  20010502
  20020615  20020714
  20100911  20101010
  20120309  20120407
