  19180625  19180724
  19191207  19200105
  19230523  19230621
  19241004  19241102
  19270226  19270327
  19280208  19280308
  19320417  19320516
  19350914  19351013
  19400716  19400814
  19410901  19410930
  19440416  19440515
  19460302  19460331
  19461003  19461101
  19471124  19471223
  19480813  19480911
  19530517  19530615
  19570405  19570504
  19630306  19630404
  19640414  19640513
  19650226  19650327
  19660301  19660330
  19661107  19661206
  19761026  19761124
  19800803  19800901
  19860315  19860413
  19870502  19870531
  19910505  19910603
  19930414  19930513
  19970520  19970618
  19990310  19990408
  19990524  19990622
  20060202  20060303
  20070912  20071011
  20101217  20110115
  20130308  20130406
  20140814  20140912
  20150109  20150207
