  19171029  19171127
  19200916  19201015
  19210503  19210601
  19241006  19241104
  19340307  19340405
  19360405  19360504
  19370208  19370309
  19380913  19381012
  19390802  19390831
  19420331  19420429
  19470123  19470221
  19480505  19480603
  19530804  19530902
  19550311  19550409
  19600316  19600414
  19630306  19630404
  19630831  19630929
  19650415  19650514
  19690128  19690226
  19760329  19760427
  19780108  19780206
  19820405  19820504
  19830202  19830303
  19830622  19830721
  19860313  19860411
  19870414  19870513
  19870804  19870902
  19880409  19880508
  19900204  19900305
  19950218  19950319
  19980807  19980905
  19990310  19990408
  20020605  20020704
  20070416  20070515
  20100202  20100303
  20150410  20150509
