  19210423  19210522
  19241022  19241120
  19260415  19260514
  19300713  19300811
  19360413  19360512
  19380930  19381029
  19390410  19390509
  19410405  19410504
  19460302  19460331
  19530920  19531019
  19550425  19550524
  19561008  19561106
  19600810  19600908
  19610825  19610923
  19630820  19630918
  19640822  19640920
  19670511  19670609
  19690804  19690902
  19710920  19711019
  19770424  19770523
  19820403  19820502
  19850401  19850430
  20070425  20070524
  20160503  20160601
