  19220902  19221001
  19230523  19230621
  19230920  19231019
  19241007  19241105
  19250223  19250324
  19260409  19260508
  19360408  19360507
  19380919  19381018
  19390803  19390901
  19410303  19410401
  19460228  19460329
  19460817  19460915
  19470211  19470312
  19530809  19530907
  19561014  19561112
  19570711  19570809
  19620329  19620427
  19640812  19640910
  19660219  19660320
  19670517  19670615
  19760321  19760419
  19820324  19820422
  19850830  19850928
  19860227  19860328
  19910419  19910518
  19950805  19950903
  20020617  20020716
  20050528  20050626
  20070426  20070525
  20120229  20120329
