  19170114  19170212
  19191208  19200106
  19210806  19210904
  19230523  19230621
  19240930  19241029
  19270301  19270330
  19280208  19280308
  19300327  19300425
  19320416  19320515
  19331101  19331130
  19350910  19351009
  19410901  19410930
  19430803  19430901
  19431122  19431221
  19460304  19460402
  19461005  19461103
  19480812  19480910
  19530810  19530908
  19570406  19570505
  19590412  19590511
  19630310  19630408
  19640415  19640514
  19660301  19660330
  19761025  19761123
  19800730  19800828
  19801129  19801228
  19810221  19810322
  19850313  19850411
  19860315  19860413
  19870423  19870522
  19891122  19891221
  19950309  19950407
  19970821  19970919
  19990313  19990411
  20010330  20010428
  20010926  20011025
  20060207  20060308
  20130305  20130403
