  19240928  19241027
  19250314  19250412
  19260409  19260508
  19280811  19280909
  19300417  19300516
  19360410  19360509
  19380918  19381017
  19390820  19390918
  19440605  19440704
  19460304  19460402
  19491012  19491110
  19520525  19520623
  19530802  19530831
  19560902  19561001
  19600213  19600313
  19620321  19620419
  19670515  19670613
  19820329  19820427
  19850329  19850427
  19940826  19940924
  20010622  20010721
  20020609  20020708
  20080914  20081013
  20120507  20120605
