  19170402  19170501
  19180206  19180307
  19210429  19210528
  19211004  19211102
  19250319  19250417
  19280901  19280930
  19300310  19300408
  19300525  19300623
  19310911  19311010
  19340306  19340404
  19360327  19360425
  19430418  19430517
  19510429  19510528
  19530517  19530615
  19600305  19600403
  19630916  19631015
  19650325  19650423
  19660210  19660311
  19660524  19660622
  19770404  19770503
  19801201  19801230
  19840521  19840619
  19851213  19860111
  19870414  19870513
  19880404  19880503
  19980813  19980911
  20070225  20070326
  20081224  20090122
  20120309  20120407
