  19210119  19210217
  19210731  19210829
  19220320  19220418
  19240713  19240811
  19270813  19270911
  19310513  19310611
  19310729  19310827
  19351009  19351107
  19430924  19431023
  19450206  19450307
  19540709  19540807
  19550207  19550308
  19560704  19560802
  19561108  19561207
  19610830  19610928
  19620404  19620503
  19670303  19670401
  19670830  19670928
  19720826  19720924
  19760201  19760301
  19770313  19770411
  19770922  19771021
  19780801  19780830
  19810831  19810929
  19870905  19871004
  19881212  19890110
  19911008  19911106
  19970801  19970830
  19980423  19980522
  19981027  19981125
  20011006  20011104
  20070303  20070401
  20111213  20120111
  20121004  20121102
  20161008  20161106
