  19160705  19160803
  19171122  19171221
  19210730  19210828
  19220830  19220928
  19260425  19260524
  19280905  19281004
  19340419  19340518
  19380228  19380329
  19390404  19390503
  19410825  19410923
  19430828  19430926
  19431122  19431221
  19460305  19460403
  19480806  19480904
  19581118  19581217
  19610828  19610926
  19630818  19630916
  19640423  19640522
  19650213  19650314
  19690805  19690903
  19691212  19700110
  19720729  19720827
  19790611  19790710
  19800712  19800810
  19810217  19810318
  19840914  19841013
  19850105  19850203
  19850312  19850410
  19870412  19870511
  19880310  19880408
  19880522  19880620
  19981014  19981112
  19990710  19990808
  20010331  20010429
  20021224  20030122
  20150115  20150213
  20170826  20170924
