  19211213  19220111
  19220522  19220620
  19230106  19230204
  19260208  19260309
  19280425  19280524
  19310331  19310429
  19340505  19340603
  19360112  19360210
  19380504  19380602
  19390319  19390417
  19400428  19400527
  19450613  19450712
  19481213  19490111
  19490507  19490605
  19510526  19510624
  19560326  19560424
  19580417  19580516
  19630501  19630530
  19650215  19650316
  19730317  19730415
  19750301  19750330
  19770306  19770404
  19790224  19790325
  19920426  19920525
  20040307  20040405
  20090107  20090205
  20130627  20130726
  20140509  20140607
  20170616  20170715
  20180424  20180523
