  19180202  19180303
  19260407  19260506
  19270309  19270407
  19300204  19300305
  19310105  19310203
  19310512  19310610
  19330915  19331014
  19360422  19360521
  19410103  19410201
  19501207  19510105
  19550207  19550308
  19560429  19560528
  19610920  19611019
  19670221  19670322
  19800702  19800731
  19801127  19801226
  19830701  19830730
  19840822  19840920
  19850208  19850309
  19851214  19860112
  19870912  19871011
  19930511  19930609
  19950302  19950331
  19980610  19980709
  19990707  19990805
  20000504  20000602
  20000924  20001023
  20010331  20010429
  20020505  20020603
  20040216  20040316
  20070302  20070331
  20101202  20101231
  20170123  20170221
