  19161021  19161119
  19171030  19171128
  19241003  19241101
  19250511  19250609
  19300402  19300501
  19320717  19320815
  19340327  19340425
  19340930  19341029
  19360408  19360507
  19370207  19370308
  19390416  19390515
  19390803  19390901
  19400628  19400727
  19470202  19470303
  19530808  19530906
  19551204  19560102
  19600228  19600328
  19620406  19620505
  19630309  19630407
  19630913  19631012
  19640420  19640519
  19650414  19650513
  19660514  19660612
  19670526  19670624
  19690130  19690228
  19710228  19710329
  19820331  19820429
  19830202  19830303
  19830724  19830822
  19860313  19860411
  19870714  19870812
  19910423  19910522
  19930702  19930731
  19950217  19950318
  19990301  19990330
  20070414  20070513
  20080830  20080928
  20100815  20100913
  20150411  20150510
