  19210717  19210815
  19221019  19221117
  19260413  19260512
  19320512  19320610
  19330901  19330930
  19340930  19341029
  19360413  19360512
  19410903  19411002
  19420329  19420427
  19440508  19440606
  19450223  19450324
  19470416  19470515
  19570605  19570704
  19630312  19630410
  19630605  19630704
  19651008  19651106
  19660303  19660401
  19700427  19700526
  19700823  19700921
  19830613  19830712
  19850212  19850313
  19860522  19860620
  19860826  19860924
  19880212  19880312
  19910420  19910519
  19930609  19930708
  19940505  19940603
  20000926  20001025
  20020505  20020603
  20040207  20040307
  20070604  20070703
  20080706  20080804
  20090109  20090207
