  19160619  19160718
  19190316  19190414
  19240929  19241028
  19260424  19260523
  19300211  19300312
  19330519  19330617
  19430701  19430730
  19470711  19470809
  19480827  19480925
  19501002  19501031
  19520524  19520622
  19520901  19520930
  19530511  19530609
  19560218  19560318
  19560831  19560929
  19600810  19600908
  19620411  19620510
  19651002  19651031
  19660520  19660618
  19710219  19710320
  19720502  19720531
  19860607  19860706
  19880410  19880509
  19890915  19891014
  19960124  19960222
  19990707  19990805
  20070213  20070314
  20101006  20101104
