  19180920  19181019
  19210228  19210329
  19210808  19210906
  19220902  19221001
  19310926  19311025
  19360410  19360509
  19410405  19410504
  19430710  19430808
  19440104  19440202
  19450226  19450327
  19570405  19570504
  19630317  19630415
  19640425  19640524
  19641007  19641105
  19651007  19651105
  19680314  19680412
  19801128  19801227
  19850212  19850313
  19910421  19910520
  19980701  19980730
  19990411  19990510
  20000930  20001029
  20050809  20050907
  20060211  20060312
  20120301  20120330
  20161021  20161119
