  19221014  19221112
  19250514  19250612
  19260412  19260511
  19310822  19310920
  19330831  19330929
  19530926  19531025
  19540617  19540716
  19620408  19620507
  19651022  19651120
  19660219  19660320
  19670307  19670405
  19820813  19820911
  19830617  19830716
  19870627  19870726
  19910815  19910913
  19950302  19950331
  19980610  19980709
  20000429  20000528
  20000926  20001025
  20040213  20040313
  20080512  20080610
  20150420  20150519
  20160217  20160317
  20161008  20161106
