  19210717  19210815
  19260414  19260513
  19271219  19280117
  19300718  19300816
  19310113  19310211
  19330830  19330928
  19340929  19341028
  19360409  19360508
  19370429  19370528
  19380111  19380209
  19401114  19401213
  19410824  19410922
  19430723  19430821
  19450222  19450323
  19460215  19460316
  19470415  19470514
  19510808  19510906
  19540716  19540814
  19570609  19570708
  19630321  19630419
  19640411  19640510
  19651008  19651106
  19670227  19670328
  19700820  19700918
  19730915  19731014
  19760131  19760229
  19830612  19830711
  19840921  19841020
  19850212  19850313
  19851208  19860106
  19860827  19860925
  19880212  19880312
  19881128  19881227
  19900824  19900922
  19930601  19930630
  19940509  19940607
  20000930  20001029
  20170107  20170205
