  19161019  19161117
  19211003  19211101
  19240629  19240728
  19240922  19241021
  19250224  19250325
  19300524  19300622
  19310829  19310927
  19340326  19340424
  19350701  19350730
  19390930  19391029
  19410423  19410522
  19430418  19430517
  19510422  19510521
  19530519  19530617
  19530722  19530820
  19560901  19560930
  19600304  19600402
  19630905  19631004
  19650325  19650423
  19651011  19651109
  19660210  19660311
  19660519  19660617
  19780302  19780331
  19800727  19800825
  19811022  19811120
  19851212  19860110
  19880403  19880502
  19950805  19950903
  20050409  20050508
  20050926  20051025
