  19210102  19210131
  19220814  19220912
  19240701  19240730
  19250209  19250310
  19320221  19320321
  19330831  19330929
  19380809  19380907
  19520917  19521016
  19530901  19530930
  19540108  19540206
  19540717  19540815
  19550205  19550306
  19561223  19570121
  19600506  19600604
  19630224  19630325
  19650308  19650406
  19670212  19670313
  19671231  19680129
  19690518  19690616
  19770510  19770608
  19800720  19800818
  19801128  19801227
  19810904  19811003
  19870808  19870906
  19880406  19880505
  19890120  19890218
  19900715  19900813
  19970815  19970913
  19990314  19990412
  19991221  20000119
  20040226  20040326
  20070213  20070314
  20100905  20101004
  20121021  20121119
  20160915  20161014
