  19160705  19160803
  19241007  19241105
  19250302  19250331
  19260410  19260509
  19300330  19300428
  19360409  19360508
  19380919  19381018
  19390413  19390512
  19390810  19390908
  19460302  19460331
  19520919  19521018
  19530805  19530903
  19561004  19561102
  19620326  19620424
  19660217  19660318
  19670516  19670614
  19760321  19760419
  19780811  19780909
  19820327  19820425
  19880404  19880503
  19910415  19910514
  19950806  19950904
  20020616  20020715
  20070426  20070525
  20120229  20120329
  20120508  20120606
  20160513  20160611
