  19290706  19290804
  19300525  19300623
  19310831  19310929
  19320330  19320428
  19470627  19470726
  19480826  19480924
  19520524  19520622
  19530513  19530611
  19540220  19540321
  19560901  19560930
  19600304  19600402
  19630316  19630414
  19640428  19640527
  19650326  19650424
  19660216  19660317
  19660517  19660615
  19760308  19760406
  19770420  19770519
  19800620  19800719
  19830720  19830818
  19870324  19870422
  19880412  19880511
  19990711  19990809
  20000715  20000813
  20030304  20030402
  20050406  20050505
  20050925  20051024
  20100910  20101009
