  19230521  19230619
  19241010  19241108
  19260409  19260508
  19300407  19300506
  19300618  19300717
  19310926  19311025
  19360410  19360509
  19410826  19410924
  19460318  19460416
  19470903  19471002
  19530906  19531005
  19551120  19551219
  19570405  19570504
  19610907  19611006
  19630309  19630407
  19660220  19660321
  19660514  19660612
  19680317  19680415
  19761207  19770105
  19800119  19800217
  19830629  19830728
  19860821  19860919
  19870703  19870801
  19880217  19880317
  19880521  19880619
  19891117  19891216
  19950309  19950407
  19990422  19990521
  20001006  20001104
  20020607  20020706
  20060207  20060308
  20070426  20070525
  20101210  20110108
  20120301  20120330
  20161007  20161105
  20170124  20170222
