  19160122  19160220
  19161021  19161119
  19240610  19240709
  19250316  19250414
  19260514  19260612
  19271230  19280128
  19300610  19300709
  19310829  19310927
  19360202  19360302
  19430418  19430517
  19520528  19520626
  19540130  19540228
  19621121  19621220
  19650326  19650424
  19651107  19651206
  19660211  19660312
  19660527  19660625
  19770502  19770531
  19880401  19880430
  20020402  20020501
  20070213  20070314
  20110503  20110601
  20120405  20120504
  20160909  20161008
