  19180202  19180303
  19200912  19201011
  19210213  19210314
  19230904  19231003
  19271231  19280129
  19300606  19300705
  19310105  19310203
  19330508  19330606
  19340306  19340404
  19360410  19360509
  19380903  19381002
  19410829  19410927
  19420325  19420423
  19540604  19540703
  19551204  19560102
  19560503  19560601
  19570628  19570727
  19801124  19801223
  19830628  19830727
  19850205  19850306
  19851213  19860111
  19870330  19870428
  19870703  19870801
  19880204  19880304
  19950228  19950329
  19991102  19991201
  20020127  20020225
  20040212  20040312
  20120309  20120407
