  19210119  19210217
  19220327  19220425
  19250211  19250312
  19250627  19250726
  19261216  19270114
  19270816  19270914
  19330831  19330929
  19350920  19351019
  19360801  19360830
  19380724  19380822
  19390928  19391027
  19410103  19410201
  19430922  19431021
  19461112  19461211
  19520603  19520702
  19540102  19540131
  19550207  19550308
  19561106  19561205
  19610911  19611010
  19620411  19620510
  19670215  19670316
  19670825  19670923
  19680102  19680131
  19720826  19720924
  19730915  19731014
  19760131  19760229
  19780810  19780908
  19801127  19801226
  19860314  19860412
  19870910  19871009
  19910813  19910911
  19980516  19980614
  20010408  20010507
  20040219  20040319
  20070302  20070331
  20081216  20090114
  20120304  20120402
  20121004  20121102
  20160914  20161013
  20170131  20170301
