  19200919  19201018
  19210428  19210527
  19250223  19250324
  19260331  19260429
  19300520  19300618
  19310826  19310924
  19340304  19340402
  19360327  19360425
  19380916  19381015
  19420327  19420425
  19510420  19510519
  19530520  19530618
  19530722  19530820
  19540603  19540702
  19550813  19550911
  19630911  19631010
  19650326  19650424
  19651011  19651109
  19660212  19660313
  19670228  19670329
  19770422  19770521
  19780623  19780722
  19801129  19801228
  19850211  19850312
  19851213  19860111
  19870414  19870513
  19870703  19870801
  19990710  19990808
  20070302  20070331
  20070713  20070811
  20160827  20160925
