  19250215  19250316
  19260406  19260505
  19281004  19281102
  19290715  19290813
  19310926  19311025
  19360411  19360510
  19410826  19410924
  19460802  19460831
  19530907  19531006
  19630609  19630708
  19651008  19651106
  19660428  19660527
  19680316  19680414
  19710531  19710629
  19760131  19760229
  19770404  19770503
  19780109  19780207
  19870703  19870801
  19900204  19900305
  19910424  19910523
  19980815  19980913
  20011015  20011113
  20060210  20060311
  20090202  20090303
