  19160626  19160725
  19260406  19260505
  19330519  19330617
  19360226  19360326
  19370804  19370902
  19390818  19390916
  19400823  19400921
  19441002  19441031
  19501003  19501101
  19520404  19520503
  19520818  19520916
  19530516  19530614
  19530904  19531003
  19540803  19540901
  19620329  19620427
  19630907  19631006
  19710310  19710408
  19720513  19720611
  19800331  19800429
  19870331  19870429
  19880413  19880512
  19950816  19950914
  19991003  19991101
  20000316  20000414
  20120430  20120529
  20150909  20151008
