  19241001  19241030
  19300318  19300416
  19360408  19360507
  19390417  19390516
  19390814  19390912
  19440611  19440710
  19490422  19490521
  19510702  19510731
  19561005  19561103
  19620331  19620429
  19630913  19631012
  19650415  19650514
  19660515  19660613
  19670520  19670618
  19690202  19690303
  19710227  19710328
  19820327  19820425
  19830202  19830303
  19850825  19850923
  19860227  19860328
  19870702  19870731
  19910416  19910515
  19950217  19950318
  19950806  19950904
  19990422  19990521
  20020724  20020822
  20070415  20070514
  20120301  20120330
  20120517  20120615
  20130311  20130409
  20150410  20150509
