  19180202  19180303
  19200911  19201010
  19250318  19250416
  19270819  19270917
  19271218  19280116
  19281119  19281218
  19300606  19300705
  19310112  19310210
  19330508  19330606
  19340306  19340404
  19360409  19360508
  19371112  19371211
  19380829  19380927
  19381119  19381218
  19390926  19391025
  19420323  19420421
  19530927  19531026
  19551201  19551230
  19560424  19560523
  19600402  19600501
  19801124  19801223
  19841130  19841229
  19850206  19850307
  19851213  19860111
  19870703  19870801
  19880203  19880303
  19990719  19990817
  19991102  19991201
  20000410  20000509
  20060513  20060611
  20120303  20120401
  20160412  20160511
