  19160122  19160220
  19201228  19210126
  19240621  19240720
  19250127  19250225
  19350911  19351010
  19390221  19390322
  19530822  19530920
  19550205  19550306
  19551202  19551231
  19600506  19600604
  19601030  19601128
  19620116  19620214
  19630221  19630322
  19670206  19670307
  19770512  19770610
  19801206  19810104
  19810211  19810312
  19900531  19900629
  19950803  19950901
  19960126  19960224
  19970805  19970903
  19980429  19980528
  19990109  19990207
  20010331  20010429
  20020409  20020508
  20050924  20051023
  20090301  20090330
  20110330  20110428
  20160913  20161012
