  19161021  19161119
  19210927  19211026
  19250316  19250414
  19301226  19310124
  19310829  19310927
  19330507  19330605
  19331016  19331114
  19360203  19360303
  19370318  19370416
  19380406  19380505
  19410424  19410523
  19430329  19430427
  19431107  19431206
  19520902  19521001
  19530919  19531018
  19581123  19581222
  19600304  19600402
  19621120  19621219
  19630305  19630403
  19630914  19631013
  19650402  19650501
  19651006  19651104
  19660210  19660311
  19760314  19760412
  19770420  19770519
  19780302  19780331
  19801127  19801226
  19811020  19811118
  19851212  19860110
  19880331  19880429
  19980227  19980328
  19991101  19991130
  20050926  20051025
  20070213  20070314
  20160919  20161018
