  19161022  19161120
  19180214  19180315
  19190624  19190723
  19210427  19210526
  19250302  19250331
  19260408  19260507
  19300403  19300502
  19320426  19320525
  19360328  19360426
  19370208  19370309
  19390819  19390917
  19400702  19400731
  19440501  19440530
  19490416  19490515
  19510422  19510521
  19520405  19520504
  19530808  19530906
  19630308  19630406
  19630908  19631007
  19640427  19640526
  19650407  19650506
  19651018  19651116
  19660210  19660311
  19660607  19660706
  19720513  19720611
  19780108  19780206
  19800703  19800801
  19801209  19810107
  19820406  19820505
  19830725  19830823
  19860312  19860410
  19870402  19870501
  19870804  19870902
  19950216  19950317
  19951111  19951210
  19991011  19991109
  20010316  20010414
  20050926  20051025
  20120309  20120407
  20140702  20140731
