  19171030  19171128
  19180130  19180228
  19200912  19201011
  19210502  19210531
  19240922  19241021
  19250225  19250326
  19300313  19300411
  19340307  19340405
  19360403  19360502
  19380916  19381015
  19420324  19420422
  19430423  19430522
  19510421  19510520
  19510701  19510730
  19520323  19520421
  19530515  19530613
  19540603  19540702
  19550823  19550921
  19560502  19560531
  19570404  19570503
  19620408  19620507
  19621121  19621220
  19650404  19650503
  19660217  19660318
  19670220  19670321
  19760315  19760413
  19801201  19801230
  19830713  19830811
  19860319  19860417
  19870324  19870422
  19880412  19880511
  19900713  19900811
  19950218  19950319
  19990728  19990826
  20000416  20000515
  20000801  20000830
  20070301  20070330
  20081223  20090121
  20120309  20120407
  20160826  20160924
