  19180930  19181029
  19191208  19200106
  19230523  19230621
  19240930  19241029
  19280208  19280308
  19280928  19281027
  19320418  19320517
  19350909  19351008
  19360614  19360713
  19380202  19380303
  19390409  19390508
  19410825  19410923
  19430526  19430624
  19431115  19431214
  19440416  19440515
  19460308  19460406
  19461012  19461110
  19490521  19490619
  19520919  19521018
  19550426  19550525
  19630306  19630404
  19640410  19640509
  19650213  19650314
  19651008  19651106
  19660303  19660401
  19660610  19660709
  19680907  19681006
  19710518  19710616
  19790610  19790709
  19800112  19800210
  19800803  19800901
  19801129  19801228
  19810220  19810321
  19820202  19820303
  19860315  19860413
  19891119  19891218
  19910512  19910610
  19951123  19951222
  20010925  20011024
  20060205  20060306
  20130925  20131024
  20160813  20160911
