  19171030  19171128
  19190817  19190915
  19210220  19210321
  19221011  19221109
  19250513  19250611
  19260413  19260512
  19310926  19311025
  19360418  19360517
  19440510  19440608
  19450222  19450323
  19570605  19570704
  19590104  19590202
  19630312  19630410
  19630702  19630731
  19651007  19651105
  19680317  19680415
  19691002  19691031
  19700427  19700526
  19740911  19741010
  19770121  19770219
  19800521  19800619
  19830621  19830720
  19850212  19850313
  19870704  19870802
  19881130  19881229
  19990514  19990612
  20000922  20001021
  20020514  20020612
  20040207  20040307
  20060212  20060313
  20080511  20080609
  20090129  20090227
  20100530  20100628
  20170124  20170222
