  19171030  19171128
  19240926  19241025
  19250309  19250407
  19270312  19270410
  19300815  19300913
  19320412  19320511
  19340421  19340520
  19350915  19351014
  19390420  19390519
  19440418  19440517
  19450715  19450813
  19470914  19471013
  19490221  19490322
  19520602  19520701
  19521007  19521105
  19550816  19550914
  19551107  19551206
  19570226  19570327
  19570916  19571015
  19590411  19590510
  19610711  19610809
  19650302  19650331
  19680705  19680803
  19711011  19711109
  19761103  19761202
  19810216  19810317
  19850225  19850326
  19860925  19861024
  19880220  19880320
  19891116  19891215
  19930607  19930706
  19950806  19950904
  19970916  19971015
  19990329  19990427
  20010326  20010424
  20010712  20010810
  20020704  20020802
  20060222  20060323
  20130301  20130330
  20130926  20131025
  20160822  20160920
