  19210424  19210523
  19210818  19210916
  19220901  19220930
  19241005  19241103
  19340416  19340515
  19390419  19390518
  19430826  19430924
  19460304  19460402
  19480806  19480904
  19530526  19530624
  19561005  19561103
  19581121  19581220
  19610827  19610925
  19630818  19630916
  19640823  19640921
  19650426  19650525
  19660610  19660709
  19690817  19690915
  19710922  19711021
  19781016  19781114
  19790527  19790625
  19800803  19800901
  19810218  19810319
  19840917  19841016
  19850313  19850411
  19870413  19870512
  19950228  19950329
  19990322  19990420
  20030101  20030130
