  19241008  19241106
  19250511  19250609
  19300402  19300501
  19340930  19341029
  19360411  19360510
  19370207  19370308
  19390415  19390514
  19390805  19390903
  19400701  19400730
  19480507  19480605
  19510422  19510521
  19530804  19530902
  19600225  19600325
  19620324  19620422
  19630825  19630923
  19640419  19640518
  19650413  19650512
  19660210  19660311
  19690203  19690304
  19760226  19760326
  19780110  19780208
  19820326  19820424
  19830202  19830303
  19830705  19830803
  19860312  19860410
  19870401  19870430
  19870715  19870813
  19880406  19880505
  19970910  19971009
  20020614  20020713
  20070414  20070513
  20080805  20080903
  20120601  20120630
  20150416  20150515
