  19230906  19231005
  19241003  19241101
  19260409  19260508
  19300409  19300508
  19300707  19300805
  19310926  19311025
  19340108  19340206
  19340411  19340510
  19360408  19360507
  19380920  19381019
  19390409  19390508
  19410825  19410923
  19430828  19430926
  19431116  19431215
  19440610  19440709
  19460308  19460406
  19470124  19470222
  19470905  19471004
  19480801  19480830
  19490923  19491022
  19510701  19510730
  19520519  19520617
  19530920  19531019
  19550613  19550712
  19551207  19560105
  19600912  19601011
  19630320  19630418
  19630913  19631012
  19640807  19640905
  19660521  19660619
  19690130  19690228
  19710307  19710405
  19800114  19800212
  19810220  19810321
  19820328  19820426
  19840825  19840923
  19850325  19850423
  19880218  19880318
  19880519  19880617
  19910423  19910522
  19981009  19981107
  19990416  19990515
  20070827  20070925
  20101217  20110115
  20120301  20120330
  20160606  20160705
  20170827  20170925
