  19330522  19330620
  19340505  19340603
  19421227  19430125
  19430629  19430728
  19480825  19480923
  19520523  19520621
  19530516  19530614
  19540220  19540321
  19551003  19551101
  19560217  19560317
  19560901  19560930
  19620423  19620522
  19630317  19630415
  19630912  19631011
  19640510  19640608
  19660210  19660311
  19660518  19660616
  19660827  19660925
  19710222  19710323
  19760309  19760407
  19770421  19770520
  19780608  19780707
  19830720  19830818
  19870326  19870424
  19880410  19880509
  19890929  19891028
  20000718  20000816
  20050413  20050512
  20070213  20070314
  20100911  20101010
  20110529  20110627
  20120416  20120515
