  19191213  19200111
  19210802  19210831
  19230524  19230622
  19240930  19241029
  19270313  19270411
  19320414  19320513
  19350912  19351011
  19390412  19390511
  19410207  19410308
  19431122  19431221
  19460306  19460404
  19461018  19461116
  19521003  19521101
  19550426  19550525
  19590403  19590502
  19640411  19640510
  19650305  19650403
  19651010  19651108
  19660302  19660331
  19680911  19681010
  19761029  19761127
  19800113  19800211
  19800429  19800528
  19810221  19810322
  19850313  19850411
  19860317  19860415
  19891121  19891220
  19950306  19950404
  19990704  19990802
  20010927  20011026
  20030104  20030202
  20140814  20140912
  20150122  20150220
  20160802  20160831
