  19171025  19171123
  19210223  19210324
  19230908  19231007
  19250726  19250824
  19300318  19300416
  19320803  19320901
  19340328  19340426
  19360402  19360501
  19380915  19381014
  19390417  19390516
  19430828  19430926
  19470910  19471009
  19510914  19511013
  19530810  19530908
  19570405  19570504
  19620406  19620505
  19630904  19631003
  19640410  19640509
  19650416  19650515
  19651008  19651106
  19660506  19660604
  19690201  19690302
  19710227  19710328
  19760401  19760430
  19820325  19820423
  19830724  19830822
  19860226  19860327
  19900204  19900305
  19910418  19910517
  19940910  19941009
  19950218  19950319
  20020715  20020813
  20070415  20070514
  20070826  20070924
  20150411  20150510
