  19190623  19190722
  19210425  19210524
  19240929  19241028
  19260409  19260508
  19310903  19311002
  19330520  19330618
  19340307  19340405
  19360331  19360429
  19390807  19390905
  19420327  19420425
  19440429  19440528
  19460307  19460405
  19470117  19470215
  19510421  19510520
  19520323  19520421
  19540603  19540702
  19600315  19600413
  19630305  19630403
  19630829  19630927
  19640427  19640526
  19660211  19660312
  19750606  19750705
  19830202  19830303
  19830706  19830804
  19851206  19860104
  19860313  19860411
  19870416  19870515
  19870707  19870805
  19880407  19880506
  19891117  19891216
  19920330  19920428
  19950217  19950318
  19990629  19990728
  20010403  20010502
  20080801  20080830
  20100911  20101010
  20120309  20120407
  20160919  20161018
