  19160206  19160306
  19180130  19180228
  19200910  19201009
  19210518  19210616
  19310112  19310210
  19310510  19310608
  19330421  19330520
  19360410  19360509
  19380909  19381008
  19390926  19391025
  19410324  19410422
  19420327  19420425
  19470829  19470927
  19501028  19501126
  19510421  19510520
  19540116  19540214
  19551126  19551225
  19560424  19560523
  19570709  19570807
  19630929  19631028
  19670221  19670322
  19770409  19770508
  19780809  19780907
  19801124  19801223
  19841203  19850101
  19850208  19850309
  19851212  19860110
  19860320  19860418
  19880203  19880303
  19981115  19981214
  20000404  20000503
  20020712  20020810
  20040215  20040315
  20060511  20060609
  20120305  20120403
