  19220902  19221001
  19230907  19231006
  19241004  19241102
  19250226  19250327
  19250731  19250829
  19260408  19260507
  19300319  19300417
  19320510  19320608
  19330904  19331003
  19360403  19360502
  19380915  19381014
  19390417  19390516
  19430827  19430925
  19460227  19460328
  19470131  19470301
  19561013  19561111
  19570405  19570504
  19570709  19570807
  19620413  19620512
  19660215  19660316
  19660522  19660620
  19670516  19670614
  19690130  19690228
  19760402  19760501
  19770505  19770603
  19820325  19820423
  19910422  19910521
  19950806  19950904
  19981008  19981106
  19990525  19990623
  20070426  20070525
  20150415  20150514
