  19180920  19181019
  19210228  19210329
  19210803  19210901
  19220901  19220930
  19230521  19230619
  19240930  19241029
  19260307  19260405
  19270222  19270323
  19380223  19380324
  19391105  19391204
  19410406  19410505
  19410827  19410925
  19420328  19420426
  19440104  19440202
  19520922  19521021
  19530814  19530912
  19540524  19540622
  19551122  19551221
  19570411  19570510
  19600406  19600505
  19630309  19630407
  19640428  19640527
  19640709  19640807
  19660225  19660326
  19660617  19660716
  19700823  19700921
  19720718  19720816
  19760222  19760322
  19860417  19860516
  19880522  19880620
  19900130  19900228
  19910424  19910523
  19940922  19941021
  19980626  19980725
  20060208  20060309
  20090118  20090216
  20100714  20100812
