  19220904  19221003
  19241009  19241107
  19250212  19250313
  19280830  19280928
  19300701  19300730
  19390408  19390507
  19410406  19410505
  19460309  19460407
  19470905  19471004
  19480805  19480903
  19490524  19490622
  19540603  19540702
  19590430  19590529
  19610827  19610925
  19620418  19620517
  19651010  19651108
  19690209  19690310
  19690802  19690831
  19710514  19710612
  19720804  19720902
  19781015  19781113
  19810221  19810322
  19840914  19841013
  19880219  19880319
  19880520  19880618
  19891119  19891218
  19910424  19910523
  19950309  19950407
  19980716  19980814
  19981011  19981109
  20010404  20010503
  20070426  20070525
  20090212  20090313
  20120301  20120330
  20141016  20141114
  20170825  20170923
