  19180502  19180531
  19181016  19181114
  19190902  19191001
  19200730  19200828
  19261209  19270107
  19310512  19310610
  19380210  19380311
  19380717  19380815
  19420901  19420930
  19441028  19441126
  19450112  19450210
  19481014  19481112
  19511119  19511218
  19571008  19571106
  19630618  19630717
  19720828  19720926
  19770311  19770409
  19800903  19801002
  19880828  19880926
  20000204  20000304
  20000928  20001027
  20121007  20121105
  20130926  20131025
  20150923  20151022
  20160928  20161027
