  19161020  19161118
  19171030  19171128
  19220902  19221001
  19230920  19231019
  19241007  19241105
  19250511  19250609
  19250722  19250820
  19260407  19260506
  19280920  19281019
  19360402  19360501
  19380915  19381014
  19390419  19390518
  19410405  19410504
  19410830  19410928
  19460315  19460413
  19460807  19460905
  19510906  19511005
  19570405  19570504
  19620408  19620507
  19630906  19631005
  19650415  19650514
  19660515  19660613
  19690201  19690302
  19761222  19770120
  19820404  19820503
  19830701  19830730
  19880524  19880622
  19900203  19900304
  19910417  19910516
  19950228  19950329
  19950806  19950904
  19981009  19981107
  20070427  20070526
  20080915  20081014
