  19240929  19241028
  19260409  19260508
  19300313  19300411
  19360412  19360511
  19390416  19390515
  19390813  19390911
  19430906  19431005
  19460306  19460404
  19520524  19520622
  19530802  19530831
  19600221  19600321
  19620327  19620425
  19650414  19650513
  19660215  19660316
  19670517  19670615
  19710227  19710328
  19770504  19770602
  19820327  19820425
  19830203  19830304
  19830723  19830821
  19850825  19850923
  19860301  19860330
  19910414  19910513
  19990417  19990516
  20070412  20070511
  20120501  20120530
