  19210808  19210906
  19260902  19261001
  19271215  19280113
  19310815  19310913
  19330906  19331005
  19380107  19380205
  19400911  19401010
  19430724  19430822
  19430922  19431021
  19491216  19500114
  19510423  19510522
  19530927  19531026
  19540122  19540220
  19550207  19550308
  19551127  19551226
  19581025  19581123
  19680117  19680215
  19700415  19700514
  19850208  19850309
  19851217  19860115
  19870425  19870524
  19870919  19871018
  19900529  19900627
  19950322  19950420
  19980904  19981003
  19990507  19990605
  20010322  20010420
  20031211  20040109
  20040228  20040328
  20070709  20070807
  20100315  20100413
