  19180920  19181019
  19210227  19210328
  19210803  19210901
  19220904  19221003
  19230521  19230619
  19241003  19241101
  19270222  19270323
  19300913  19301012
  19310926  19311025
  19331025  19331123
  19360412  19360511
  19390427  19390526
  19391105  19391204
  19410405  19410504
  19420329  19420427
  19430709  19430807
  19440104  19440202
  19461012  19461110
  19540511  19540609
  19550612  19550711
  19551119  19551218
  19570404  19570503
  19620411  19620510
  19630307  19630405
  19640424  19640523
  19640713  19640811
  19641005  19641103
  19660528  19660626
  19680317  19680415
  19700823  19700921
  19761207  19770105
  19800118  19800216
  19801124  19801223
  19880522  19880620
  19900202  19900303
  20060209  20060310
  20070822  20070920
  20090115  20090213
  20120301  20120330
  20171122  20171221
