  19180920  19181019
  19210227  19210328
  19210808  19210906
  19220905  19221004
  19230521  19230619
  19241007  19241105
  19310926  19311025
  19331028  19331126
  19360412  19360511
  19390428  19390527
  19391105  19391204
  19410405  19410504
  19430710  19430808
  19440104  19440202
  19540510  19540608
  19551120  19551219
  19570404  19570503
  19630311  19630409
  19640425  19640524
  19641017  19641115
  19680313  19680411
  19700823  19700921
  19801125  19801224
  19830723  19830821
  19860422  19860521
  19910423  19910522
  20060213  20060314
  20120301  20120330
