  19160721  19160819
  19210820  19210918
  19220831  19220929
  19230705  19230803
  19270309  19270407
  19340410  19340509
  19460304  19460402
  19480814  19480912
  19490928  19491027
  19560921  19561020
  19590406  19590505
  19630913  19631012
  19640823  19640921
  19660308  19660406
  19660923  19661022
  19710920  19711019
  19770424  19770523
  19780620  19780719
  19800414  19800513
  19840917  19841016
  19860320  19860418
  19870325  19870423
  19950804  19950902
  19990318  19990416
  20010412  20010511
  20020723  20020821
  20070720  20070818
  20100308  20100406
  20160408  20160507
