  19160721  19160819
  19200421  19200520
  19220903  19221002
  19340430  19340529
  19390624  19390723
  19400721  19400819
  19410412  19410511
  19460314  19460412
  19470822  19470920
  19480812  19480910
  19490405  19490504
  19530526  19530624
  19550601  19550630
  19560925  19561024
  19610827  19610925
  19630818  19630916
  19640823  19640921
  19650413  19650512
  19710519  19710617
  19710921  19711020
  19790528  19790626
  19800324  19800422
  19870324  19870422
  19950311  19950409
  19990329  19990427
