  19210501  19210530
  19210812  19210910
  19220919  19221018
  19240925  19241024
  19270312  19270410
  19320412  19320511
  19410826  19410924
  19480808  19480906
  19490923  19491022
  19530522  19530620
  19570228  19570329
  19590405  19590504
  19610827  19610925
  19630511  19630609
  19630814  19630912
  19640823  19640921
  19650304  19650402
  19660307  19660405
  19680912  19681011
  19711012  19711110
  19770424  19770523
  19850313  19850411
  19870331  19870429
  19940924  19941023
  19950308  19950406
  19990322  19990420
  20160817  20160915
