  19180212  19180313
  19180518  19180616
  19210502  19210531
  19260408  19260507
  19300402  19300501
  19360407  19360506
  19390818  19390916
  19440509  19440607
  19441005  19441103
  19520405  19520504
  19530520  19530618
  19560224  19560324
  19560901  19560930
  19600821  19600919
  19630317  19630415
  19630912  19631011
  19640927  19641026
  19650404  19650503
  19651020  19651118
  19710920  19711019
  19720424  19720523
  19800403  19800502
  19860312  19860410
  19870414  19870513
  19880329  19880427
  19890329  19890427
  19950220  19950321
  19990808  19990906
  20100910  20101009
