  19180212  19180313
  19260401  19260430
  19330520  19330618
  19360408  19360507
  19390818  19390916
  19400818  19400916
  19410124  19410222
  19470706  19470804
  19490322  19490420
  19520407  19520506
  19520902  19521001
  19530517  19530615
  19560219  19560319
  19560901  19560930
  19630317  19630415
  19630905  19631004
  19650403  19650502
  19670306  19670404
  19710222  19710323
  19720427  19720526
  19740620  19740719
  19870414  19870513
  19880331  19880429
  19890330  19890428
  19990808  19990906
  20000320  20000418
  20070704  20070802
  20100914  20101013
  20170826  20170924
