  19171114  19171213
  19180202  19180303
  19200918  19201017
  19210514  19210612
  19230904  19231003
  19250215  19250316
  19270220  19270321
  19300318  19300416
  19310511  19310609
  19310903  19311002
  19330910  19331009
  19360330  19360428
  19410828  19410926
  19420309  19420407
  19431108  19431207
  19440430  19440529
  19470416  19470515
  19480418  19480517
  19540602  19540701
  19581001  19581030
  19600317  19600415
  19620406  19620505
  19651008  19651106
  19670223  19670324
  19761226  19770124
  19850205  19850306
  19860315  19860413
  19870703  19870801
  19950218  19950319
  20010404  20010503
  20011015  20011113
  20020714  20020812
  20070915  20071014
