  19180430  19180529
  19210120  19210218
  19230904  19231003
  19250211  19250312
  19261215  19270113
  19300408  19300507
  19310512  19310610
  19310811  19310909
  19330906  19331005
  19350921  19351020
  19540104  19540202
  19550207  19550308
  19601022  19601120
  19610910  19611009
  19620412  19620511
  19670214  19670315
  19680104  19680202
  19720829  19720927
  19770406  19770505
  19780804  19780902
  19801127  19801226
  19840825  19840923
  19850209  19850310
  19860314  19860412
  19910831  19910929
  20011015  20011113
  20040218  20040318
  20060511  20060609
  20070216  20070317
  20081229  20090127
  20121004  20121102
  20160906  20161005
