  19210212  19210313
  19221010  19221108
  19250211  19250312
  19250512  19250610
  19310926  19311025
  19320711  19320809
  19330831  19330929
  19340417  19340516
  19410405  19410504
  19410903  19411002
  19450219  19450320
  19580921  19581020
  19630312  19630410
  19650710  19650808
  19651008  19651106
  19660505  19660603
  19691002  19691031
  19761226  19770124
  19770405  19770504
  19850206  19850307
  19860315  19860413
  19870705  19870803
  19910814  19910912
  20000929  20001028
  20020514  20020612
  20020715  20020813
  20170123  20170221
  20171117  20171216
