  19260407  19260506
  19260905  19261004
  19310108  19310206
  19310821  19310919
  19330908  19331007
  19360417  19360516
  19380107  19380205
  19400830  19400928
  19470414  19470513
  19491215  19500113
  19510423  19510522
  19551126  19551225
  19560602  19560701
  19610827  19610925
  19640513  19640611
  19801203  19810101
  19830706  19830804
  19840817  19840915
  19850207  19850308
  19851214  19860112
  19881125  19881224
  19930510  19930608
  19950303  19950401
  19980611  19980710
  19990201  19990302
  19990712  19990810
  20010331  20010429
  20020518  20020616
  20031214  20040112
  20100315  20100413
  20170123  20170221
