  19191208  19200106
  19230523  19230621
  19240930  19241029
  19280208  19280308
  19300327  19300425
  19320417  19320516
  19350909  19351008
  19360618  19360717
  19380203  19380304
  19390413  19390512
  19410901  19410930
  19431122  19431221
  19440416  19440515
  19460308  19460406
  19461012  19461110
  19480812  19480910
  19490523  19490621
  19530511  19530609
  19530810  19530908
  19570405  19570504
  19590411  19590510
  19620401  19620430
  19630307  19630405
  19640415  19640514
  19660302  19660331
  19800730  19800828
  19860315  19860413
  19970827  19970925
  19990316  19990414
  19990524  19990622
  20010927  20011026
  20060206  20060307
  20130309  20130407
  20140814  20140912
