  19160722  19160820
  19210424  19210523
  19220902  19221001
  19240930  19241029
  19270312  19270410
  19320415  19320514
  19410411  19410510
  19410831  19410929
  19420415  19420514
  19480807  19480905
  19490923  19491022
  19500905  19501004
  19521007  19521105
  19530523  19530621
  19560926  19561025
  19590405  19590504
  19630813  19630911
  19640823  19640921
  19710521  19710619
  19710923  19711022
  19770424  19770523
  19841004  19841102
  19870331  19870429
  19940928  19941027
  19950305  19950403
  19990323  19990421
  20020717  20020815
  20040928  20041027
  20160817  20160915
  20170829  20170927
