  19161019  19161117
  19190309  19190407
  19250721  19250819
  19300319  19300417
  19311015  19311113
  19320731  19320829
  19360402  19360501
  19390419  19390518
  19390729  19390827
  19410830  19410928
  19420319  19420417
  19440713  19440811
  19551018  19551116
  19570408  19570507
  19620415  19620514
  19630306  19630404
  19630913  19631012
  19640420  19640519
  19651010  19651108
  19660505  19660603
  19760321  19760419
  19820331  19820429
  19830813  19830911
  19860223  19860324
  19870703  19870801
  19950301  19950330
  19990305  19990403
  20000929  20001028
  20020728  20020826
  20060127  20060225
  20070429  20070528
  20150412  20150511
  20160220  20160320
