  19171030  19171128
  19190522  19190620
  19200501  19200530
  19210406  19210505
  19250319  19250417
  19270317  19270415
  19300917  19301016
  19310323  19310421
  19320414  19320513
  19400626  19400725
  19410409  19410508
  19480814  19480912
  19500423  19500522
  19500830  19500928
  19520604  19520703
  19550823  19550921
  19570312  19570410
  19590403  19590502
  19590823  19590921
  19630506  19630604
  19640307  19640405
  19650305  19650403
  19680629  19680728
  19710515  19710613
  19740930  19741029
  19800319  19800417
  19810314  19810412
  19840816  19840914
  19850315  19850413
  19910606  19910705
  19990328  19990426
  20020714  20020812
  20130320  20130418
  20160818  20160916
