  19180203  19180304
  19210809  19210907
  19250716  19250814
  19260414  19260513
  19260902  19261001
  19271216  19280114
  19310112  19310210
  19310811  19310909
  19330226  19330327
  19330908  19331007
  19350109  19350207
  19371230  19380128
  19400911  19401010
  19410405  19410504
  19491216  19500114
  19510422  19510521
  19540116  19540214
  19600513  19600611
  19610901  19610930
  19630710  19630808
  19680121  19680219
  19740917  19741016
  19770324  19770422
  19780903  19781002
  19800626  19800725
  19810822  19810920
  19840819  19840917
  19850215  19850316
  19950318  19950416
  19980605  19980704
  19990712  19990810
  20010329  20010427
  20020607  20020706
  20031213  20040111
  20040227  20040327
  20170131  20170301
