  19180920  19181019
  19210227  19210328
  19210803  19210901
  19220831  19220929
  19230517  19230615
  19241003  19241101
  19251203  19260101
  19270220  19270321
  19281019  19281117
  19300407  19300506
  19300707  19300805
  19300913  19301012
  19310926  19311025
  19320704  19320802
  19331025  19331123
  19360412  19360511
  19390427  19390526
  19391105  19391204
  19410405  19410504
  19410827  19410925
  19420329  19420427
  19430707  19430805
  19440104  19440202
  19461012  19461110
  19470122  19470220
  19520919  19521018
  19540508  19540606
  19550609  19550708
  19551116  19551215
  19570402  19570501
  19620411  19620510
  19630307  19630405
  19640424  19640523
  19640713  19640811
  19641005  19641103
  19650404  19650503
  19651007  19651105
  19660527  19660625
  19680312  19680410
  19700823  19700921
  19761207  19770105
  19800112  19800210
  19800730  19800828
  19801124  19801223
  19850212  19850313
  19880522  19880620
  19900202  19900303
  20060209  20060310
  20070821  20070919
  20090115  20090213
  20110507  20110605
  20120229  20120329
  20171116  20171215
