  19190605  19190704
  19200909  19201008
  19241005  19241103
  19270717  19270815
  19330803  19330901
  19380925  19381024
  19430906  19431005
  19440929  19441028
  19460701  19460730
  19480725  19480823
  19520831  19520929
  19530801  19530830
  19560827  19560925
  19590521  19590619
  19620502  19620531
  19660609  19660708
  19690727  19690825
  19790818  19790916
  19850412  19850511
  19880423  19880522
  19890904  19891003
  19920421  19920520
  19950523  19950621
  19980420  19980519
  19991007  19991105
  20040825  20040923
  20050317  20050415
