  19161018  19161116
  19180216  19180317
  19180421  19180520
  19210926  19211025
  19240629  19240728
  19240918  19241017
  19250224  19250325
  19300311  19300409
  19300524  19300622
  19310827  19310925
  19331016  19331114
  19340325  19340423
  19350701  19350730
  19360409  19360508
  19380915  19381014
  19390930  19391029
  19410423  19410522
  19430418  19430517
  19431108  19431207
  19510422  19510521
  19530519  19530617
  19530721  19530819
  19540603  19540702
  19560901  19560930
  19600304  19600402
  19630904  19631003
  19650325  19650423
  19651011  19651109
  19660210  19660311
  19660519  19660617
  19711005  19711103
  19770422  19770521
  19780228  19780329
  19800727  19800825
  19811021  19811119
  19851206  19860104
  19880403  19880502
  19950803  19950901
  20000731  20000829
  20050409  20050508
  20050925  20051024
  20120405  20120504
  20150822  20150920
