  19240928  19241027
  19250314  19250412
  19320426  19320525
  19340330  19340428
  19340929  19341028
  19360502  19360531
  19380913  19381012
  19390815  19390913
  19400630  19400729
  19440528  19440626
  19460304  19460402
  19460816  19460914
  19530802  19530831
  19540603  19540702
  19600222  19600322
  19621117  19621216
  19630820  19630918
  19640708  19640806
  19650413  19650512
  19660215  19660316
  19760308  19760406
  19770504  19770602
  19820906  19821005
  19870415  19870514
  19870827  19870925
  19880404  19880503
  19970921  19971020
  20020608  20020707
  20070425  20070524
  20080913  20081012
  20100816  20100914
  20120501  20120530
  20180403  20180502
