  19160206  19160306
  19180130  19180228
  19200910  19201009
  19210516  19210614
  19250319  19250417
  19261214  19270112
  19270818  19270916
  19271218  19280116
  19281119  19281218
  19300606  19300705
  19310112  19310210
  19310506  19310604
  19330421  19330520
  19360410  19360509
  19380829  19380927
  19390926  19391025
  19401227  19410125
  19410322  19410420
  19420327  19420425
  19470829  19470927
  19491031  19491129
  19501028  19501126
  19510420  19510519
  19540116  19540214
  19550901  19550930
  19551126  19551225
  19560424  19560523
  19570709  19570807
  19601109  19601208
  19630929  19631028
  19650406  19650505
  19670220  19670321
  19770409  19770508
  19780806  19780904
  19801124  19801223
  19841202  19841231
  19850208  19850309
  19851212  19860110
  19860319  19860417
  19880203  19880303
  19900720  19900818
  19981115  19981214
  20000404  20000503
  20011014  20011112
  20020712  20020810
  20040212  20040312
  20060511  20060609
  20070302  20070331
  20110505  20110603
  20120305  20120403
  20160503  20160601
  20160903  20161002
