  19180920  19181019
  19220831  19220929
  19230521  19230619
  19241001  19241030
  19270219  19270320
  19280917  19281016
  19300407  19300506
  19310906  19311005
  19320501  19320530
  19331029  19331127
  19340113  19340211
  19360412  19360511
  19410315  19410413
  19410826  19410924
  19431123  19431222
  19461027  19461125
  19530906  19531005
  19540522  19540620
  19550102  19550131
  19551120  19551219
  19570627  19570726
  19610901  19610930
  19620407  19620506
  19630310  19630408
  19641003  19641101
  19651017  19651115
  19660513  19660611
  19691211  19700109
  19761207  19770105
  19770425  19770524
  19791226  19800124
  19800803  19800901
  19810220  19810321
  19830812  19830910
  19840823  19840921
  19891116  19891215
  19910425  19910524
  19950309  19950407
  19950711  19950809
  20011008  20011106
  20020608  20020707
  20030325  20030423
  20040211  20040311
  20050717  20050815
  20060207  20060308
  20070421  20070520
  20090118  20090216
  20101211  20110109
  20120303  20120401
  20140813  20140911
