  19171114  19171213
  19180130  19180228
  19210216  19210317
  19260407  19260506
  19261225  19270123
  19270309  19270407
  19281029  19281127
  19310506  19310604
  19350908  19351007
  19360421  19360520
  19380907  19381006
  19390927  19391026
  19400910  19401009
  19440612  19440711
  19501208  19510106
  19531004  19531102
  19560429  19560528
  19581002  19581031
  19600508  19600606
  19610921  19611020
  19770412  19770511
  19780912  19781011
  19800702  19800731
  19801124  19801223
  19810219  19810320
  19810612  19810711
  19850208  19850309
  19851209  19860107
  19880204  19880304
  19950305  19950403
  19980612  19980711
  20031204  20040102
  20040212  20040312
  20070302  20070331
  20170122  20170220
