  19180625  19180724
  19190518  19190616
  19191205  19200103
  19221020  19221118
  19230523  19230621
  19241004  19241102
  19270224  19270325
  19280208  19280308
  19291002  19291031
  19320417  19320516
  19350914  19351013
  19400716  19400814
  19410831  19410929
  19430801  19430830
  19440416  19440515
  19460302  19460331
  19461003  19461101
  19470902  19471001
  19471124  19471223
  19480813  19480911
  19521004  19521102
  19530517  19530615
  19560709  19560807
  19570405  19570504
  19630306  19630404
  19640414  19640513
  19650225  19650326
  19660301  19660330
  19661107  19661206
  19761026  19761124
  19800730  19800828
  19841223  19850121
  19860315  19860413
  19870502  19870531
  19880521  19880619
  19881206  19890104
  19910505  19910603
  19930414  19930513
  19940524  19940622
  19970514  19970612
  19990310  19990408
  19990524  19990622
  20010926  20011025
  20060202  20060303
  20070912  20071011
  20101217  20110115
  20130308  20130406
  20130923  20131022
  20140814  20140912
  20150109  20150207
