  19180607  19180706
  19240928  19241027
  19250311  19250409
  19260409  19260508
  19300313  19300411
  19320716  19320814
  19360412  19360511
  19390416  19390515
  19390813  19390911
  19410213  19410314
  19430906  19431005
  19440603  19440702
  19460306  19460404
  19510712  19510810
  19520524  19520622
  19530802  19530831
  19560919  19561018
  19600221  19600321
  19600810  19600908
  19620327  19620425
  19640712  19640810
  19650414  19650513
  19660215  19660316
  19670517  19670615
  19710227  19710328
  19760321  19760419
  19770504  19770602
  19820327  19820425
  19830203  19830304
  19830718  19830816
  19850824  19850922
  19860301  19860330
  19880404  19880503
  19910414  19910513
  19990417  19990516
  20070412  20070511
  20080913  20081012
  20120501  20120530
