  19161019  19161117
  19180919  19181018
  19210224  19210325
  19210803  19210901
  19220831  19220929
  19250806  19250904
  19270220  19270321
  19300308  19300406
  19300710  19300808
  19331021  19331119
  19360411  19360510
  19391111  19391210
  19410405  19410504
  19410905  19411004
  19430708  19430806
  19440104  19440202
  19440419  19440518
  19450226  19450327
  19541214  19550112
  19550304  19550402
  19570402  19570501
  19570605  19570704
  19630320  19630418
  19640424  19640523
  19651005  19651103
  19660626  19660725
  19661024  19661122
  19680312  19680410
  19680906  19681005
  19760130  19760228
  19800804  19800902
  19801208  19810106
  19850212  19850313
  19860209  19860310
  19860828  19860926
  19880517  19880615
  19881128  19881227
  19950615  19950714
  19970820  19970918
  19990418  19990517
  20000927  20001026
  20020616  20020715
  20050724  20050822
  20060204  20060305
  20090109  20090207
  20100518  20100616
  20120301  20120330
