  19160202  19160302
  19250207  19250308
  19270322  19270420
  19310510  19310608
  19311008  19311106
  19350928  19351027
  19360804  19360902
  19361215  19370113
  19371223  19380121
  19450205  19450306
  19491215  19500113
  19511215  19520113
  19630302  19630331
  19680110  19680208
  19720621  19720720
  19770424  19770523
  19780813  19780911
  19801124  19801223
  19840826  19840924
  19860313  19860411
  19870918  19871017
  19881127  19881226
  19900710  19900808
  19930512  19930610
  19980606  19980705
  20040223  20040323
  20060211  20060312
  20120304  20120402
  20121022  20121120
  20160912  20161011
  20171209  20180107
