  19161019  19161117
  19220831  19220929
  19230518  19230616
  19241007  19241105
  19300407  19300506
  19300629  19300728
  19300913  19301012
  19310907  19311006
  19331031  19331129
  19340111  19340209
  19360412  19360511
  19390429  19390528
  19391101  19391130
  19410316  19410414
  19410826  19410924
  19430711  19430809
  19440104  19440202
  19460318  19460416
  19461012  19461110
  19540523  19540621
  19550611  19550710
  19551115  19551214
  19570408  19570507
  19610901  19610930
  19630306  19630404
  19640423  19640522
  19640713  19640811
  19641003  19641101
  19650419  19650518
  19651007  19651105
  19660519  19660617
  19690920  19691019
  19700823  19700921
  19710530  19710628
  19761207  19770105
  19800527  19800625
  19860428  19860527
  19880521  19880619
  19891111  19891210
  19910425  19910524
  19950308  19950406
  19950721  19950819
  19981009  19981107
  20001006  20001104
  20010927  20011026
  20020609  20020708
  20060218  20060319
  20080524  20080622
  20090202  20090303
  20101208  20110106
  20120301  20120330
  20120602  20120701
