  19171113  19171212
  19191213  19200111
  19210802  19210831
  19230524  19230622
  19240929  19241028
  19260501  19260530
  19270312  19270410
  19300326  19300424
  19301118  19301217
  19320414  19320513
  19331030  19331128
  19350912  19351011
  19390409  19390508
  19410207  19410308
  19431114  19431213
  19460304  19460402
  19461008  19461106
  19520919  19521018
  19550426  19550525
  19581118  19581217
  19590403  19590502
  19601130  19601229
  19640409  19640508
  19650303  19650401
  19651008  19651106
  19660302  19660331
  19680911  19681010
  19761029  19761127
  19800113  19800211
  19800429  19800528
  19810221  19810322
  19850313  19850411
  19860317  19860415
  19891121  19891220
  19950225  19950326
  19990630  19990729
  20010927  20011026
  20030104  20030202
  20120222  20120322
  20130926  20131025
  20140813  20140911
  20150119  20150217
  20160802  20160831
