  19160827  19160925
  19180130  19180228
  19210605  19210704
  19240929  19241028
  19261214  19270112
  19281119  19281218
  19300403  19300502
  19310112  19310210
  19310520  19310618
  19350917  19351016
  19371224  19380122
  19380905  19381004
  19391006  19391104
  19530516  19530614
  19530723  19530821
  19551204  19560102
  19560708  19560806
  19601126  19601225
  19620415  19620514
  19630306  19630404
  19650320  19650418
  19670211  19670312
  19680113  19680211
  19690531  19690629
  19770420  19770519
  19780927  19781026
  19801123  19801222
  19841203  19850101
  19850226  19850327
  19851214  19860112
  19870325  19870423
  19870620  19870719
  19880203  19880303
  19890104  19890202
  19900719  19900817
  19981111  19981210
  19990717  19990815
  20000404  20000503
  20020321  20020419
  20040224  20040324
  20060310  20060408
  20060511  20060609
  20070302  20070331
  20100717  20100815
  20160918  20161017
  20171028  20171126
