  19230906  19231005
  19241003  19241101
  19260408  19260507
  19300408  19300507
  19300626  19300725
  19310908  19311007
  19340108  19340206
  19340404  19340503
  19360408  19360507
  19380919  19381018
  19390409  19390508
  19410825  19410923
  19430820  19430918
  19431110  19431209
  19440607  19440706
  19441021  19441119
  19460303  19460401
  19470124  19470222
  19470905  19471004
  19480801  19480830
  19490528  19490626
  19490923  19491022
  19510701  19510730
  19520519  19520617
  19530920  19531019
  19550612  19550711
  19551207  19560105
  19600911  19601010
  19630320  19630418
  19630907  19631006
  19640807  19640905
  19650426  19650525
  19660521  19660619
  19690127  19690225
  19710307  19710405
  19760319  19760417
  19770424  19770523
  19800112  19800210
  19801208  19810106
  19810220  19810321
  19820328  19820426
  19840825  19840923
  19850325  19850423
  19880215  19880315
  19880519  19880617
  19891116  19891215
  19910422  19910521
  19950806  19950904
  19981009  19981107
  19990416  19990515
  20050411  20050510
  20060219  20060320
  20070827  20070925
  20101217  20110115
  20120229  20120329
  20160606  20160705
  20170827  20170925
