  19160122  19160220
  19161018  19161116
  19170511  19170609
  19170905  19171004
  19201228  19210126
  19240607  19240706
  19250710  19250808
  19300520  19300618
  19370501  19370530
  19390225  19390326
  19480426  19480525
  19510510  19510608
  19520921  19521020
  19530824  19530922
  19540512  19540610
  19540729  19540827
  19541104  19541203
  19550205  19550306
  19581104  19581203
  19600505  19600603
  19620114  19620212
  19620701  19620730
  19630219  19630320
  19650224  19650325
  19691010  19691108
  19750104  19750202
  19780926  19781025
  19810208  19810309
  19890119  19890217
  19900713  19900811
  19980428  19980527
  19990111  19990209
  19990313  19990411
  19990719  19990817
  19991012  19991110
  20020408  20020507
  20030408  20030507
  20040721  20040819
  20050322  20050420
  20050924  20051023
  20060507  20060605
  20100302  20100331
  20110310  20110408
  20110903  20111002
  20121019  20121117
  20160916  20161015
