  19191024  19191122
  19210702  19210731
  19260414  19260513
  19271219  19280117
  19300717  19300815
  19310113  19310211
  19330830  19330928
  19340929  19341028
  19360409  19360508
  19370429  19370528
  19380107  19380205
  19401114  19401213
  19410426  19410525
  19410823  19410921
  19430723  19430821
  19450218  19450319
  19460215  19460316
  19470415  19470514
  19510808  19510906
  19540716  19540814
  19551120  19551219
  19570605  19570704
  19630321  19630419
  19640411  19640510
  19651007  19651105
  19670227  19670328
  19700819  19700917
  19730915  19731014
  19760131  19760229
  19830612  19830711
  19840921  19841020
  19850211  19850312
  19851208  19860106
  19860827  19860925
  19870627  19870726
  19880206  19880306
  19881118  19881217
  19900824  19900922
  19930531  19930629
  19940505  19940603
  20000131  20000229
  20000930  20001029
  20020125  20020223
  20020505  20020603
  20111117  20111216
  20170106  20170204
