  19171030  19171128
  19180203  19180304
  19200912  19201011
  19210213  19210314
  19210521  19210619
  19240704  19240802
  19260407  19260506
  19270309  19270407
  19300716  19300814
  19310105  19310203
  19310507  19310605
  19330508  19330606
  19330915  19331014
  19350108  19350206
  19360419  19360518
  19371105  19371204
  19380728  19380826
  19390927  19391026
  19401230  19410128
  19410828  19410926
  19440713  19440811
  19501207  19510105
  19540829  19540927
  19551126  19551225
  19560426  19560525
  19570630  19570729
  19580506  19580604
  19581014  19581112
  19610916  19611015
  19780810  19780908
  19800705  19800803
  19801123  19801222
  19840828  19840926
  19841203  19850101
  19850212  19850313
  19851130  19851229
  19860529  19860627
  19870401  19870430
  19880126  19880224
  19880424  19880523
  19930626  19930725
  19941205  19950103
  20011008  20011106
  20020126  20020224
  20040216  20040316
  20070302  20070331
  20120303  20120401
  20150116  20150214
  20160223  20160323
  20160919  20161018
  20170123  20170221
