  19161019  19161117
  19180131  19180301
  19260407  19260506
  19260830  19260928
  19281108  19281207
  19310105  19310203
  19310821  19310919
  19320804  19320902
  19330908  19331007
  19360417  19360516
  19371228  19380126
  19400822  19400920
  19410406  19410505
  19410906  19411005
  19470414  19470513
  19491214  19500112
  19501208  19510106
  19510422  19510521
  19531006  19531104
  19551119  19551218
  19560602  19560701
  19610827  19610925
  19640513  19640611
  19700606  19700705
  19720818  19720916
  19760317  19760415
  19800705  19800803
  19801203  19810101
  19830705  19830803
  19840817  19840915
  19850207  19850308
  19851214  19860112
  19880126  19880224
  19881125  19881224
  19930510  19930608
  19950303  19950401
  19980606  19980705
  19990201  19990302
  19990708  19990806
  20000418  20000517
  20010323  20010421
  20011015  20011113
  20020511  20020609
  20031214  20040112
  20040301  20040330
  20060122  20060220
  20080511  20080609
  20100315  20100413
  20120304  20120402
  20170123  20170221
