  19160704  19160802
  19170605  19170704
  19211007  19211105
  19260424  19260523
  19360229  19360329
  19380906  19381005
  19390416  19390515
  19390808  19390906
  19470921  19471020
  19520524  19520622
  19520821  19520919
  19530516  19530614
  19530904  19531003
  19540602  19540701
  19560811  19560909
  19620327  19620425
  19630308  19630406
  19710314  19710412
  19720504  19720602
  19740612  19740711
  19760806  19760904
  19800405  19800504
  19830628  19830727
  19950921  19951020
  20000324  20000422
  20000729  20000827
  20060505  20060603
  20120430  20120529
  20150919  20151018
