  19160722  19160820
  19161021  19161119
  19210422  19210521
  19220902  19221001
  19230611  19230710
  19240930  19241029
  19270308  19270406
  19320415  19320514
  19330512  19330610
  19410410  19410509
  19410826  19410924
  19420415  19420514
  19470922  19471021
  19480807  19480905
  19490923  19491022
  19500905  19501004
  19521007  19521105
  19530523  19530621
  19560926  19561025
  19590405  19590504
  19610910  19611009
  19620509  19620607
  19630812  19630910
  19640822  19640920
  19660610  19660709
  19661002  19661031
  19710521  19710619
  19710923  19711022
  19770424  19770523
  19840918  19841017
  19870329  19870427
  19910509  19910607
  19940927  19941026
  19950305  19950403
  19990323  19990421
  20010703  20010801
  20010925  20011024
  20020715  20020813
  20040928  20041027
  20070724  20070822
  20160817  20160915
  20170829  20170927
