  19161020  19161118
  19171115  19171214
  19221010  19221108
  19230415  19230514
  19250502  19250531
  19250821  19250919
  19260407  19260506
  19290721  19290819
  19300407  19300506
  19310926  19311025
  19331017  19331115
  19360410  19360509
  19380920  19381019
  19410405  19410504
  19410827  19410925
  19430710  19430808
  19450226  19450327
  19470120  19470218
  19530906  19531005
  19560407  19560506
  19570614  19570713
  19630318  19630416
  19640429  19640528
  19650416  19650515
  19651008  19651106
  19660529  19660627
  19680316  19680414
  19690926  19691025
  19760401  19760430
  19761223  19770121
  19770405  19770504
  19801125  19801224
  19810224  19810325
  19860902  19861001
  19870629  19870728
  19910414  19910513
  19940923  19941022
  19950309  19950407
  19980817  19980915
  20001001  20001030
  20010927  20011026
  20060209  20060310
  20070427  20070526
  20090124  20090222
  20101210  20110108
  20120301  20120330
  20160731  20160829
  20161003  20161101
  20170124  20170222
  20171114  20171213
