  19180202  19180303
  19191029  19191127
  19210815  19210913
  19260408  19260507
  19260828  19260926
  19281105  19281204
  19310105  19310203
  19310824  19310922
  19380107  19380205
  19410425  19410524
  19430920  19431019
  19450516  19450614
  19470414  19470513
  19491214  19500112
  19501207  19510105
  19530927  19531026
  19540716  19540814
  19551119  19551218
  19610828  19610926
  19651122  19651221
  19660529  19660627
  19680724  19680822
  19730917  19731016
  19760128  19760226
  19760629  19760728
  19800718  19800816
  19801130  19801229
  19830621  19830720
  19850211  19850312
  19851214  19860112
  19870626  19870725
  19880129  19880227
  19930601  19930630
  19950304  19950402
  19980605  19980704
  20010401  20010430
  20031214  20040112
  20060120  20060218
  20070716  20070814
  20130922  20131021
  20150420  20150519
  20160220  20160320
  20161011  20161109
  20170123  20170221
