  19180912  19181011
  19191026  19191124
  19210716  19210814
  19250221  19250322
  19250726  19250824
  19260410  19260509
  19260911  19261010
  19270303  19270401
  19271215  19280113
  19310110  19310208
  19310817  19310915
  19330907  19331006
  19340925  19341024
  19370829  19370927
  19380111  19380209
  19401115  19401214
  19410425  19410524
  19410814  19410912
  19430922  19431021
  19460211  19460312
  19491215  19500113
  19510423  19510522
  19551125  19551224
  19630318  19630416
  19670218  19670319
  19680812  19680910
  19700414  19700513
  19730915  19731014
  19780902  19781001
  19840929  19841028
  19850209  19850310
  19851208  19860106
  19870914  19871013
  19881124  19881223
  19950321  19950419
  19981005  19981103
  20001212  20010110
  20010321  20010419
  20011007  20011105
  20100320  20100418
  20130902  20131001
