  19241008  19241106
  19250511  19250609
  19300401  19300430
  19340327  19340425
  19340929  19341028
  19360411  19360510
  19370207  19370308
  19390415  19390514
  19390805  19390903
  19400701  19400730
  19480505  19480603
  19480805  19480903
  19490406  19490505
  19510417  19510516
  19521010  19521108
  19530804  19530902
  19600224  19600324
  19620324  19620422
  19621115  19621214
  19630824  19630922
  19640419  19640518
  19650413  19650512
  19660210  19660311
  19690203  19690304
  19760226  19760326
  19780110  19780208
  19820326  19820424
  19830130  19830228
  19830705  19830803
  19860301  19860330
  19870401  19870430
  19870715  19870813
  19880403  19880502
  19970909  19971008
  19990421  19990520
  20010225  20010326
  20020614  20020713
  20070412  20070511
  20080728  20080826
  20100801  20100830
  20120601  20120630
  20150416  20150515
  20161023  20161121
