  19191025  19191123
  19210702  19210731
  19221019  19221117
  19260413  19260512
  19300718  19300816
  19320502  19320531
  19330901  19330930
  19340930  19341029
  19360413  19360512
  19380107  19380205
  19410826  19410924
  19420328  19420426
  19440508  19440606
  19450223  19450324
  19470415  19470514
  19501208  19510106
  19540716  19540814
  19541219  19550117
  19550306  19550404
  19570605  19570704
  19630308  19630406
  19630605  19630704
  19651007  19651105
  19660303  19660401
  19661022  19661120
  19700426  19700525
  19700820  19700918
  19801128  19801227
  19830613  19830712
  19840918  19841017
  19850212  19850313
  19860521  19860619
  19860826  19860924
  19870705  19870803
  19880204  19880304
  19910420  19910519
  19930609  19930708
  19940505  19940603
  20000926  20001025
  20011015  20011113
  20020503  20020601
  20040207  20040307
  20060131  20060301
  20070603  20070702
  20080706  20080804
  20090109  20090207
  20111207  20120105
