  19180209  19180310
  19190711  19190809
  19210430  19210529
  19220712  19220810
  19240919  19241018
  19250223  19250324
  19260401  19260430
  19300523  19300621
  19320327  19320425
  19330524  19330622
  19340411  19340510
  19360409  19360508
  19390810  19390908
  19430109  19430207
  19470113  19470211
  19470706  19470804
  19520523  19520621
  19530511  19530609
  19551009  19551107
  19560831  19560929
  19600305  19600403
  19620413  19620512
  19630316  19630414
  19640511  19640609
  19651005  19651103
  19660516  19660614
  19710218  19710319
  19720422  19720521
  19770424  19770523
  19800623  19800722
  19801209  19810107
  19810305  19810403
  19811023  19811121
  19830730  19830828
  19870325  19870423
  19880407  19880506
  19891002  19891031
  19960113  19960211
  19990710  19990808
  20000723  20000821
  20010315  20010413
  20050430  20050529
  20100916  20101015
  20120327  20120425
