  19160122  19160220
  19180131  19180301
  19210210  19210311
  19220808  19220906
  19230905  19231004
  19261214  19270112
  19270309  19270407
  19271225  19280123
  19310105  19310203
  19310505  19310603
  19331022  19331120
  19350909  19351008
  19360415  19360514
  19371223  19380121
  19380910  19381009
  19390928  19391027
  19401228  19410126
  19461110  19461209
  19510422  19510521
  19540107  19540205
  19551125  19551224
  19560424  19560523
  19600430  19600529
  19601024  19601122
  19610909  19611008
  19650407  19650506
  19670220  19670321
  19680112  19680210
  19770404  19770503
  19780809  19780907
  19800702  19800731
  19801126  19801225
  19840823  19840921
  19850208  19850309
  19851214  19860112
  19860319  19860417
  19870914  19871013
  19880203  19880303
  19900722  19900820
  19950303  19950401
  20020714  20020812
  20040212  20040312
  20060511  20060609
  20070302  20070331
  20090622  20090721
  20170128  20170226
