  19210426  19210525
  19240928  19241027
  19250318  19250416
  19290801  19290830
  19301007  19301105
  19330525  19330623
  19360502  19360531
  19390808  19390906
  19430906  19431005
  19440609  19440708
  19520901  19520930
  19560830  19560928
  19580221  19580322
  19590523  19590621
  19600919  19601018
  19630819  19630917
  19640421  19640520
  19640927  19641026
  19680920  19681019
  19710313  19710411
  19711002  19711031
  19790824  19790922
  19880405  19880504
  19910531  19910629
  19920418  19920517
  19991005  19991103
  20100911  20101010
  20120229  20120329
  20150911  20151010
