  19161019  19161117
  19170325  19170423
  19171107  19171206
  19180201  19180302
  19200918  19201017
  19210502  19210531
  19240720  19240818
  19250708  19250806
  19260413  19260512
  19300315  19300413
  19310506  19310604
  19340307  19340405
  19341103  19341202
  19350825  19350923
  19360329  19360427
  19371102  19371201
  19380911  19381010
  19390817  19390915
  19410404  19410503
  19410828  19410926
  19420319  19420417
  19431102  19431201
  19450213  19450314
  19480328  19480426
  19520311  19520409
  19540602  19540701
  19541003  19541101
  19620406  19620505
  19630909  19631008
  19651006  19651104
  19670227  19670328
  19820418  19820517
  19830202  19830303
  19830701  19830730
  19850202  19850303
  19851128  19851227
  19860313  19860411
  19870414  19870513
  19870703  19870801
  19880418  19880517
  19920312  19920410
  19950217  19950318
  19981008  19981106
  19990801  19990830
  19991102  19991201
  20070505  20070603
  20120303  20120401
  20150410  20150509
  20160918  20161017
