  19170114  19170212
  19171122  19171221
  19191208  19200106
  19210806  19210904
  19230523  19230621
  19240929  19241028
  19270301  19270330
  19280208  19280308
  19300327  19300425
  19300826  19300924
  19320416  19320515
  19331101  19331130
  19350910  19351009
  19360110  19360208
  19410831  19410929
  19430802  19430831
  19431121  19431220
  19440416  19440515
  19460304  19460402
  19461005  19461103
  19470903  19471002
  19471208  19480106
  19480731  19480829
  19490527  19490625
  19490923  19491022
  19520926  19521025
  19530810  19530908
  19570405  19570504
  19590412  19590511
  19630309  19630407
  19640409  19640508
  19650212  19650313
  19651008  19651106
  19660301  19660330
  19661122  19661221
  19680911  19681010
  19761024  19761122
  19800112  19800210
  19800730  19800828
  19801129  19801228
  19810221  19810322
  19850312  19850410
  19860315  19860413
  19870423  19870522
  19880520  19880618
  19891122  19891221
  19950306  19950404
  19970821  19970919
  19990313  19990411
  20010330  20010428
  20010925  20011024
  20060207  20060308
  20130305  20130403
  20130924  20131023
  20150112  20150210
