  19180918  19181017
  19210227  19210328
  19210803  19210901
  19220831  19220929
  19230503  19230601
  19240930  19241029
  19251203  19260101
  19260307  19260405
  19270221  19270322
  19281023  19281121
  19300908  19301007
  19331030  19331128
  19380222  19380323
  19391105  19391204
  19410319  19410417
  19410825  19410923
  19420328  19420426
  19440104  19440202
  19461010  19461108
  19490515  19490613
  19520922  19521021
  19530802  19530831
  19540524  19540622
  19551122  19551221
  19570411  19570510
  19600406  19600505
  19630309  19630407
  19640427  19640526
  19640709  19640807
  19650419  19650518
  19651007  19651105
  19660217  19660318
  19660603  19660702
  19700823  19700921
  19720718  19720816
  19760222  19760322
  19760602  19760701
  19761208  19770106
  19781007  19781105
  19801125  19801224
  19860416  19860515
  19880522  19880620
  19900129  19900227
  19910424  19910523
  19940922  19941021
  19950309  19950407
  19980626  19980725
  19981009  19981107
  20050729  20050827
  20060208  20060309
  20090118  20090216
  20100714  20100812
  20171119  20171218
