  19171027  19171125
  19200916  19201015
  19210503  19210601
  19241006  19241104
  19250813  19250911
  19300402  19300501
  19340305  19340403
  19360405  19360504
  19370208  19370309
  19370622  19370721
  19380912  19381011
  19390802  19390831
  19410126  19410224
  19420331  19420429
  19430907  19431006
  19470123  19470221
  19480504  19480602
  19530725  19530823
  19550311  19550409
  19600229  19600329
  19630306  19630404
  19630831  19630929
  19650410  19650509
  19660211  19660312
  19690128  19690226
  19710929  19711028
  19760321  19760419
  19780108  19780206
  19820405  19820504
  19830202  19830303
  19830622  19830721
  19860313  19860411
  19870414  19870513
  19870803  19870901
  19880403  19880502
  19900204  19900305
  19950218  19950319
  19980807  19980905
  19990306  19990404
  20010320  20010418
  20020605  20020704
  20070416  20070515
  20100202  20100303
  20100804  20100902
  20150410  20150509
