  19180203  19180304
  19191026  19191124
  19210702  19210731
  19260414  19260513
  19270302  19270331
  19271216  19280114
  19310112  19310210
  19310929  19311028
  19320309  19320407
  19330901  19330930
  19350125  19350223
  19360411  19360510
  19380107  19380205
  19400821  19400919
  19410425  19410524
  19410821  19410919
  19450223  19450324
  19460213  19460314
  19470414  19470513
  19480601  19480630
  19491125  19491224
  19510730  19510828
  19540515  19540613
  19540716  19540814
  19551126  19551225
  19570609  19570708
  19651008  19651106
  19670217  19670318
  19700415  19700514
  19701105  19701204
  19770320  19770418
  19810901  19810930
  19830615  19830714
  19851208  19860106
  19860827  19860925
  19870921  19871020
  19881118  19881217
  19920614  19920713
  20011007  20011105
  20060204  20060305
  20070711  20070809
  20110429  20110528
  20111117  20111216
  20170107  20170205
