  19161017  19161115
  19170905  19171004
  19180620  19180719
  19211003  19211101
  19241006  19241104
  19250531  19250629
  19300615  19300714
  19340826  19340924
  19390809  19390907
  19430711  19430809
  19470914  19471013
  19510826  19510924
  19520528  19520626
  19520913  19521012
  19600814  19600912
  19620427  19620526
  19630915  19631014
  19740513  19740611
  19790830  19790928
  19820812  19820910
  19830809  19830907
  19850730  19850828
  19920906  19921005
  19980407  19980506
  20061027  20061125
  20120710  20120808
