  19240928  19241027
  19250314  19250412
  19260409  19260508
  19280811  19280909
  19300404  19300503
  19340929  19341028
  19360410  19360509
  19380918  19381017
  19390819  19390917
  19440603  19440702
  19460304  19460402
  19460819  19460917
  19491012  19491110
  19510713  19510811
  19520524  19520622
  19520919  19521018
  19530801  19530830
  19550424  19550523
  19560902  19561001
  19600213  19600313
  19620321  19620419
  19670515  19670613
  19680906  19681005
  19761102  19761201
  19780809  19780907
  19820329  19820427
  19850329  19850427
  19880408  19880507
  19910904  19911003
  19940826  19940924
  20010621  20010720
  20020609  20020708
  20080914  20081013
  20120505  20120603
