  19210423  19210522
  19221011  19221109
  19241022  19241120
  19260415  19260514
  19300710  19300808
  19310926  19311025
  19330529  19330627
  19340916  19341015
  19360413  19360512
  19380930  19381029
  19390410  19390509
  19410405  19410504
  19410910  19411009
  19460302  19460331
  19490524  19490622
  19520609  19520708
  19530920  19531019
  19550420  19550519
  19561008  19561106
  19600808  19600906
  19610825  19610923
  19630820  19630918
  19640822  19640920
  19670511  19670609
  19690804  19690902
  19710914  19711013
  19770424  19770523
  19820401  19820430
  19850331  19850429
  19880522  19880620
  19950308  19950406
  19981009  19981107
  19990526  19990624
  20070425  20070524
  20160503  20160601
