  19220908  19221007
  19230902  19231001
  19240922  19241021
  19270723  19270821
  19300803  19300901
  19320514  19320612
  19370521  19370619
  19480901  19480930
  19520407  19520506
  19520809  19520907
  19530817  19530915
  19550804  19550902
  19560908  19561007
  19621022  19621120
  19630919  19631018
  19660813  19660911
  19690727  19690825
  19760526  19760624
  19890609  19890708
  19890822  19890920
  19990805  19990903
  20040825  20040923
  20060519  20060617
  20080716  20080814
  20090609  20090708
