  19220519  19220617
  19320307  19320405
  19370804  19370902
  19380905  19381004
  19400818  19400916
  19501003  19501101
  19520826  19520924
  19530904  19531003
  19600806  19600904
  19620417  19620516
  19630826  19630924
  19640925  19641024
  19680229  19680329
  19710314  19710412
  19770507  19770605
  19790901  19790930
  19870414  19870513
  19870915  19871014
  19880413  19880512
  19880823  19880921
  19890915  19891014
  19991010  19991108
  20120501  20120530
  20150910  20151009
