  19171101  19171130
  19191223  19200121
  19210408  19210507
  19210808  19210906
  19230525  19230623
  19270312  19270410
  19320411  19320510
  19331027  19331125
  19410415  19410514
  19411102  19411201
  19420615  19420714
  19431126  19431225
  19480812  19480910
  19490328  19490426
  19521004  19521102
  19530921  19531020
  19550612  19550711
  19551109  19551208
  19560227  19560327
  19561007  19561105
  19570228  19570329
  19570722  19570820
  19581114  19581213
  19590406  19590505
  19630817  19630915
  19640823  19640921
  19650301  19650330
  19660307  19660405
  19680912  19681011
  19701122  19701221
  19711011  19711109
  19840712  19840810
  19891118  19891217
  19940927  19941026
  19950309  19950407
  19960730  19960828
  20010926  20011025
  20020714  20020812
  20040926  20041025
  20160814  20160912
  20170825  20170923
