  19161020  19161118
  19180919  19181018
  19210227  19210328
  19210803  19210901
  19220902  19221001
  19300407  19300506
  19310926  19311025
  19320716  19320814
  19331028  19331126
  19360410  19360509
  19410405  19410504
  19430710  19430808
  19440104  19440202
  19450225  19450326
  19491109  19491208
  19570402  19570501
  19630317  19630415
  19640425  19640524
  19641007  19641105
  19650407  19650506
  19651007  19651105
  19660617  19660716
  19680313  19680411
  19730922  19731021
  19801124  19801223
  19850212  19850313
  19860908  19861007
  19910421  19910520
  19970821  19970919
  19980701  19980730
  19990411  19990510
  20000930  20001029
  20050809  20050907
  20060210  20060311
  20090111  20090209
  20110504  20110602
  20120229  20120329
  20161021  20161119
