  19180529  19180627
  19190517  19190615
  19241001  19241030
  19290712  19290810
  19380908  19381007
  19440623  19440722
  19441005  19441103
  19460624  19460723
  19480731  19480829
  19520901  19520930
  19530804  19530902
  19560824  19560922
  19590523  19590621
  19600921  19601020
  19620502  19620531
  19640927  19641026
  19660821  19660919
  19690729  19690827
  19760723  19760821
  19790820  19790918
  19850401  19850430
  19880415  19880514
  19980427  19980526
  20020819  20020917
  20050312  20050410
  20120601  20120630
  20150918  20151017
