  19160721  19160819
  19210818  19210916
  19220831  19220929
  19230703  19230801
  19270309  19270407
  19300810  19300908
  19340410  19340509
  19410221  19410322
  19410826  19410924
  19430828  19430926
  19460302  19460331
  19480807  19480905
  19490514  19490612
  19490925  19491024
  19530920  19531019
  19560920  19561019
  19590406  19590505
  19610909  19611008
  19620430  19620529
  19630907  19631006
  19640602  19640701
  19640823  19640921
  19660308  19660406
  19660911  19661010
  19710920  19711019
  19770424  19770523
  19780614  19780713
  19781015  19781113
  19790529  19790627
  19800414  19800513
  19840917  19841016
  19860320  19860418
  19870314  19870412
  19950604  19950703
  19950804  19950902
  19990317  19990415
  20010411  20010510
  20020723  20020821
  20050503  20050601
  20070720  20070818
  20100307  20100405
  20160331  20160429
