  19160701  19160730
  19200930  19201029
  19210504  19210602
  19230515  19230613
  19230921  19231020
  19241013  19241111
  19260408  19260507
  19300407  19300506
  19310926  19311025
  19330611  19330710
  19330904  19331003
  19340404  19340503
  19360409  19360508
  19380918  19381017
  19390407  19390506
  19430824  19430922
  19460227  19460328
  19470907  19471006
  19480801  19480830
  19490912  19491011
  19510914  19511013
  19520529  19520627
  19520928  19521027
  19530920  19531019
  19550612  19550711
  19570712  19570810
  19570923  19571022
  19630905  19631004
  19640811  19640909
  19660530  19660628
  19690124  19690222
  19710303  19710401
  19770424  19770523
  19780109  19780207
  19820326  19820424
  19850324  19850422
  19880519  19880617
  19910422  19910521
  19910925  19911024
  19950729  19950827
  19981008  19981106
  20001010  20001108
  20070426  20070525
  20120229  20120329
