  19160122  19160220
  19161021  19161119
  19240610  19240709
  19250316  19250414
  19260514  19260612
  19271229  19280127
  19300610  19300709
  19310829  19310927
  19360202  19360302
  19430409  19430508
  19520524  19520622
  19530722  19530820
  19540130  19540228
  19551204  19560102
  19560901  19560930
  19581119  19581218
  19621120  19621219
  19630306  19630404
  19630918  19631017
  19650326  19650424
  19651106  19651205
  19660211  19660312
  19660527  19660625
  19770429  19770528
  19780623  19780722
  19781004  19781102
  19800728  19800826
  19801127  19801226
  19811025  19811123
  19850501  19850530
  19860206  19860307
  19880401  19880430
  19991011  19991109
  20020402  20020501
  20050925  20051024
  20060511  20060609
  20070213  20070314
  20100218  20100319
  20110503  20110601
  20110909  20111008
  20120405  20120504
  20160909  20161008
  20171104  20171203
