  19161019  19161117
  19210803  19210901
  19221010  19221108
  19250814  19250912
  19300407  19300506
  19310923  19311022
  19360410  19360509
  19410405  19410504
  19410828  19410926
  19460223  19460324
  19491103  19491202
  19551121  19551220
  19570402  19570501
  19620613  19620712
  19630318  19630416
  19640429  19640528
  19650405  19650504
  19651007  19651105
  19680317  19680415
  19690303  19690401
  19730920  19731019
  19740125  19740223
  19761216  19770114
  19801128  19801227
  19811027  19811125
  19850605  19850704
  19860824  19860922
  19880523  19880621
  19910122  19910220
  19940507  19940605
  19950309  19950407
  19970610  19970709
  19980627  19980726
  19990412  19990511
  20000927  20001026
  20060211  20060312
  20070426  20070525
  20070826  20070924
  20090109  20090207
  20110504  20110602
  20120301  20120330
  20130730  20130828
  20160224  20160324
  20160930  20161029
  20170901  20170930
  20171108  20171207
