  19180130  19180228
  19180429  19180528
  19210503  19210601
  19250316  19250414
  19271231  19280129
  19300527  19300625
  19310105  19310203
  19310827  19310925
  19330510  19330608
  19340303  19340401
  19350711  19350809
  19360203  19360303
  19410424  19410523
  19411222  19420120
  19470628  19470727
  19480413  19480512
  19491103  19491202
  19510421  19510520
  19510702  19510731
  19540516  19540614
  19551204  19560102
  19560616  19560715
  19581118  19581217
  19600512  19600610
  19621120  19621219
  19630306  19630404
  19650327  19650425
  19651021  19651119
  19770421  19770520
  19781003  19781101
  19801202  19801231
  19811026  19811124
  19840514  19840612
  19850212  19850313
  19850502  19850531
  19851212  19860110
  19870712  19870810
  19880402  19880501
  19920217  19920317
  20040225  20040325
  20051005  20051103
  20060510  20060608
  20070213  20070314
  20110503  20110601
  20160902  20161001
