  19170221  19170322
  19210731  19210829
  19220320  19220418
  19291001  19291030
  19341009  19341107
  19351013  19351111
  19380317  19380415
  19381207  19390105
  19431013  19431111
  19450115  19450213
  19500101  19500130
  19540727  19540825
  19561113  19561212
  19571007  19571105
  19580728  19580826
  19670303  19670401
  19670928  19671027
  19680310  19680408
  19740915  19741014
  19770310  19770408
  19780816  19780914
  19800823  19800921
  19810322  19810420
  19840919  19841018
  19930530  19930628
  19930829  19930927
  19961007  19961105
  19980415  19980514
  20000919  20001018
  20080409  20080508
  20090822  20090920
  20100823  20100921
  20110403  20110502
  20121005  20121103
  20130924  20131023
  20161007  20161105
  20180205  20180306
