  19210119  19210217
  19220327  19220425
  19250211  19250312
  19250627  19250726
  19261215  19270113
  19270816  19270914
  19330831  19330929
  19341022  19341120
  19350920  19351019
  19360801  19360830
  19371225  19380123
  19380722  19380820
  19390928  19391027
  19401227  19410125
  19430921  19431020
  19461111  19461210
  19501230  19510128
  19520603  19520702
  19540102  19540131
  19550207  19550308
  19551115  19551214
  19561106  19561205
  19601018  19601116
  19610911  19611010
  19620411  19620510
  19670215  19670316
  19670825  19670923
  19680102  19680131
  19720826  19720924
  19730911  19731010
  19760131  19760229
  19780805  19780903
  19801127  19801226
  19850206  19850307
  19860313  19860411
  19870910  19871009
  19880521  19880619
  19881128  19881227
  19900721  19900819
  19910813  19910911
  19980516  19980614
  19990201  19990302
  20010408  20010507
  20011015  20011113
  20040218  20040318
  20070218  20070319
  20081216  20090114
  20120304  20120402
  20121003  20121101
  20160912  20161011
  20170131  20170301
  20180212  20180313
