  19171111  19171210
  19220802  19220831
  19230418  19230517
  19250212  19250313
  19250511  19250609
  19260404  19260503
  19281004  19281102
  19290712  19290810
  19310926  19311025
  19360411  19360510
  19410316  19410414
  19410826  19410924
  19460801  19460830
  19461026  19461124
  19530906  19531005
  19630609  19630708
  19651008  19651106
  19660428  19660527
  19680316  19680414
  19710530  19710628
  19760129  19760227
  19761226  19770124
  19770404  19770503
  19780109  19780207
  19850821  19850919
  19860821  19860919
  19870627  19870726
  19900204  19900305
  19910414  19910513
  19940923  19941022
  19950309  19950407
  19980815  19980913
  19991218  20000116
  20010930  20011029
  20050809  20050907
  20060210  20060311
  20090131  20090301
