  19161021  19161119
  19171029  19171127
  19180201  19180302
  19190628  19190727
  19200909  19201008
  19210428  19210527
  19220803  19220901
  19240914  19241013
  19300314  19300412
  19300520  19300618
  19310429  19310528
  19310902  19311001
  19331222  19340120
  19340306  19340404
  19360402  19360501
  19380912  19381011
  19390810  19390908
  19400628  19400727
  19410127  19410225
  19410824  19410922
  19420327  19420425
  19440506  19440604
  19470827  19470925
  19480414  19480513
  19490814  19490912
  19510418  19510517
  19510701  19510730
  19520323  19520421
  19530518  19530616
  19530801  19530830
  19540614  19540713
  19560502  19560531
  19581012  19581110
  19620414  19620513
  19621112  19621211
  19630918  19631017
  19650405  19650504
  19651002  19651031
  19660211  19660312
  19670228  19670329
  19830622  19830721
  19851202  19851231
  19860313  19860411
  19860608  19860707
  19870414  19870513
  19880418  19880517
  19900722  19900820
  19920311  19920409
  19950217  19950318
  19981003  19981101
  19990702  19990731
  20050928  20051027
  20100910  20101009
  20120301  20120330
  20160331  20160429
  20160918  20161017
