  19190625  19190724
  19200707  19200805
  19241002  19241031
  19360502  19360531
  19390415  19390514
  19390813  19390911
  19400624  19400723
  19440609  19440708
  19441005  19441103
  19530802  19530831
  19560813  19560911
  19580318  19580416
  19640927  19641026
  19710312  19710410
  19711008  19711106
  19740628  19740727
  19850329  19850427
  19880407  19880506
  19920418  19920517
  19950818  19950916
  20020819  20020917
  20040305  20040403
  20100902  20101001
  20120507  20120605
  20150918  20151017
