  19160717  19160815
  19210507  19210605
  19210808  19210906
  19241002  19241031
  19260209  19260310
  19270312  19270410
  19280911  19281010
  19320413  19320512
  19410408  19410507
  19410901  19410930
  19440713  19440811
  19460308  19460406
  19470817  19470915
  19480806  19480904
  19490302  19490331
  19521003  19521101
  19530520  19530618
  19561007  19561105
  19570316  19570414
  19590408  19590507
  19601201  19601230
  19640423  19640522
  19640823  19640921
  19650304  19650402
  19660306  19660404
  19691225  19700123
  19710514  19710612
  19711011  19711109
  19830612  19830711
  19850309  19850407
  19870414  19870513
  19880520  19880618
  19941001  19941030
  19950228  19950329
  19981015  19981113
  19990520  19990618
  20010921  20011020
  20130926  20131025
  20170825  20170923
  20180423  20180522
