  19210423  19210522
  19220506  19220604
  19240927  19241026
  19250314  19250412
  19330520  19330618
  19341003  19341101
  19360429  19360528
  19380911  19381010
  19390808  19390906
  19430908  19431007
  19440602  19440701
  19460303  19460401
  19460816  19460914
  19530801  19530830
  19540603  19540702
  19560917  19561016
  19580207  19580308
  19600225  19600325
  19600919  19601018
  19630819  19630917
  19640420  19640519
  19640715  19640813
  19650414  19650513
  19660212  19660313
  19670603  19670702
  19760309  19760407
  19770505  19770603
  19820906  19821005
  19830705  19830803
  19870414  19870513
  19880404  19880503
  19920418  19920517
  19970909  19971008
  20010225  20010326
  20070412  20070511
  20100821  20100919
  20120501  20120530
  20180409  20180508
