  19160202  19160302
  19170503  19170601
  19180203  19180304
  19201226  19210124
  19210520  19210618
  19210830  19210928
  19240703  19240801
  19250206  19250307
  19250710  19250808
  19261114  19261213
  19300322  19300420
  19310106  19310204
  19311007  19311105
  19320108  19320206
  19330902  19331001
  19350910  19351009
  19371223  19380121
  19410714  19410812
  19511206  19520104
  19521001  19521030
  19540724  19540822
  19550206  19550307
  19581126  19581225
  19630225  19630326
  19630727  19630825
  19670210  19670311
  19671228  19680126
  19680917  19681016
  19700607  19700706
  19710924  19711023
  19770528  19770626
  19780929  19781028
  19800721  19800819
  19801128  19801227
  19810830  19810928
  19840811  19840909
  19880405  19880504
  19881128  19881227
  19890718  19890816
  19900708  19900806
  19970802  19970831
  19990315  19990413
  19991221  20000119
  20010401  20010430
  20040228  20040328
  20060226  20060327
  20060510  20060608
  20121021  20121119
  20140719  20140817
  20160907  20161006
