  19180219  19180320
  19180520  19180618
  19190706  19190804
  19210430  19210529
  19240925  19241024
  19250225  19250326
  19260408  19260507
  19300402  19300501
  19320430  19320529
  19331030  19331128
  19360328  19360426
  19390813  19390911
  19410405  19410504
  19431108  19431207
  19440504  19440602
  19441005  19441103
  19460221  19460322
  19510421  19510520
  19550729  19550827
  19560901  19560930
  19610824  19610922
  19630311  19630409
  19640927  19641026
  19650404  19650503
  19651020  19651118
  19660603  19660702
  19720429  19720528
  19780518  19780616
  19830712  19830810
  19860312  19860410
  19870414  19870513
  19880330  19880428
  19891116  19891215
  19910703  19910801
  19950217  19950318
  19990808  19990906
  19991010  19991108
  20010403  20010502
  20020615  20020714
  20100910  20101009
  20120309  20120407
