  19171107  19171206
  19180201  19180302
  19190812  19190910
  19210210  19210311
  19230829  19230927
  19250130  19250228
  19260408  19260507
  19310105  19310203
  19310512  19310610
  19310821  19310919
  19350830  19350928
  19360408  19360507
  19410828  19410926
  19420318  19420416
  19470415  19470514
  19480329  19480427
  19500328  19500426
  19530927  19531026
  19551008  19551106
  19560502  19560531
  19601103  19601202
  19630929  19631028
  19640513  19640611
  19651122  19651221
  19660220  19660321
  19670223  19670324
  19780829  19780927
  19800704  19800802
  19801124  19801223
  19830619  19830718
  19840822  19840920
  19850205  19850306
  19851206  19860104
  19870626  19870725
  19870918  19871017
  19880120  19880218
  19950226  19950327
  19970724  19970822
  19980613  19980712
  19990708  19990806
  20010330  20010428
  20011015  20011113
  20020714  20020812
  20040212  20040312
  20060124  20060222
  20160217  20160317
  20160823  20160921
