  19170927  19171026
  19220822  19220920
  19250405  19250504
  19301024  19301122
  19340325  19340423
  19360404  19360503
  19390403  19390502
  19400407  19400506
  19420911  19421010
  19520921  19521020
  19530827  19530925
  19540411  19540510
  19630408  19630507
  19640225  19640325
  19640915  19641014
  19720401  19720430
  19750827  19750925
  19761003  19761101
  19790819  19790917
  19880925  19881024
  19890404  19890503
  19900407  19900506
  19940419  19940518
  20010504  20010602
  20020402  20020501
  20040406  20040505
  20120328  20120426
  20180413  20180512
