  19211212  19220110
  19220527  19220625
  19230108  19230206
  19231017  19231115
  19250603  19250702
  19260223  19260324
  19310401  19310430
  19340504  19340602
  19350506  19350604
  19380502  19380531
  19390315  19390413
  19400428  19400527
  19450609  19450708
  19490508  19490606
  19510528  19510626
  19650216  19650317
  19730317  19730415
  19770307  19770405
  19790507  19790605
  19820501  19820530
  19920427  19920526
  19940408  19940507
  19950511  19950609
  20030507  20030605
  20050123  20050221
  20090107  20090205
  20090512  20090610
  20130625  20130724
  20150403  20150502
  20160330  20160428
  20170630  20170729
  20180424  20180523
