  19161019  19161117
  19190309  19190407
  19200913  19201012
  19250720  19250818
  19300319  19300417
  19311014  19311112
  19320731  19320829
  19360402  19360501
  19390419  19390518
  19390729  19390827
  19410830  19410928
  19420319  19420417
  19440713  19440811
  19470126  19470224
  19520921  19521020
  19530723  19530821
  19551014  19551112
  19561013  19561111
  19570405  19570504
  19601110  19601209
  19620415  19620514
  19630306  19630404
  19630913  19631012
  19640420  19640519
  19651010  19651108
  19660505  19660603
  19700430  19700529
  19760321  19760419
  19820331  19820429
  19830812  19830910
  19860223  19860324
  19870702  19870731
  19880506  19880604
  19950301  19950330
  19990305  19990403
  20000929  20001028
  20020720  20020818
  20060127  20060225
  20070428  20070527
  20080828  20080926
  20150412  20150511
  20160220  20160320
