  19180212  19180313
  19240321  19240419
  19260401  19260430
  19300318  19300416
  19320331  19320429
  19330520  19330618
  19360408  19360507
  19380906  19381005
  19390812  19390910
  19400818  19400916
  19410124  19410222
  19440530  19440628
  19441004  19441102
  19470706  19470804
  19490322  19490420
  19520407  19520506
  19520902  19521001
  19530512  19530610
  19550727  19550825
  19560219  19560319
  19560901  19560930
  19620423  19620522
  19621026  19621124
  19630317  19630415
  19630905  19631004
  19650403  19650502
  19670228  19670329
  19710222  19710323
  19720212  19720312
  19720427  19720526
  19740620  19740719
  19760815  19760913
  19770423  19770522
  19870414  19870513
  19880331  19880429
  19890330  19890428
  19950218  19950319
  19990808  19990906
  20000320  20000418
  20010316  20010414
  20070704  20070802
  20100914  20101013
  20120325  20120423
  20170826  20170924
