  19200919  19201018
  19220901  19220930
  19230523  19230621
  19230912  19231011
  19241007  19241105
  19250223  19250324
  19260409  19260508
  19300402  19300501
  19340404  19340503
  19360408  19360507
  19380919  19381018
  19390803  19390901
  19391028  19391126
  19410303  19410401
  19430824  19430922
  19440607  19440706
  19460228  19460329
  19460808  19460906
  19470211  19470312
  19521006  19521104
  19530809  19530907
  19561014  19561112
  19570711  19570809
  19600825  19600923
  19610907  19611006
  19620329  19620427
  19640811  19640909
  19650412  19650511
  19660219  19660320
  19660523  19660621
  19660816  19660914
  19670517  19670615
  19710928  19711027
  19760321  19760419
  19820324  19820422
  19820703  19820801
  19850825  19850923
  19860227  19860328
  19860722  19860820
  19871023  19871121
  19891119  19891218
  19910416  19910515
  19950805  19950903
  20020617  20020716
  20050527  20050625
  20070426  20070525
  20120228  20120328
  20120509  20120607
