  19160122  19160220
  19161018  19161116
  19170423  19170522
  19180612  19180711
  19210101  19210130
  19240701  19240730
  19250203  19250304
  19271218  19280116
  19300519  19300617
  19330902  19331001
  19350910  19351009
  19360522  19360620
  19370119  19370217
  19380819  19380917
  19390226  19390327
  19391117  19391216
  19491022  19491120
  19511220  19520118
  19530822  19530920
  19540109  19540207
  19550205  19550306
  19551201  19551230
  19581104  19581203
  19600506  19600604
  19630219  19630320
  19650307  19650405
  19680101  19680130
  19770430  19770529
  19780926  19781025
  19801207  19810105
  19810702  19810731
  19860205  19860306
  19860813  19860911
  19880410  19880509
  19970817  19970915
  19980428  19980527
  19990314  19990412
  19991221  20000119
  20010401  20010430
  20020403  20020502
  20030408  20030507
  20050924  20051023
  20090524  20090622
  20100303  20100401
  20110330  20110428
  20110908  20111007
  20121011  20121109
  20160911  20161010
  20170108  20170206
