  19190624  19190723
  19200905  19201004
  19210422  19210521
  19230523  19230621
  19240926  19241025
  19290727  19290825
  19300902  19301001
  19360502  19360531
  19390809  19390907
  19400624  19400723
  19410228  19410329
  19440602  19440701
  19441003  19441101
  19520814  19520912
  19530802  19530831
  19580302  19580331
  19640929  19641028
  19650509  19650607
  19710315  19710413
  19711009  19711107
  19750915  19751014
  19800607  19800706
  19850330  19850428
  19870302  19870331
  19880408  19880507
  19910619  19910718
  19920420  19920519
  19950816  19950914
  20100908  20101007
  20120507  20120605
  20150918  20151017
