  19160315  19160413
  19171030  19171128
  19240927  19241026
  19260427  19260526
  19301007  19301105
  19320212  19320312
  19331022  19331120
  19360410  19360509
  19390814  19390912
  19400829  19400927
  19440530  19440628
  19441002  19441031
  19460301  19460330
  19530722  19530820
  19550721  19550819
  19560901  19560930
  19590524  19590622
  19630318  19630416
  19630819  19630917
  19651026  19651124
  19660527  19660625
  19710226  19710327
  19760316  19760414
  19800402  19800501
  19870414  19870513
  19870828  19870926
  19880329  19880427
  19880726  19880824
  19910506  19910604
  19970921  19971020
  19991009  19991107
  20070420  20070519
  20100902  20101001
  20120502  20120531
