  19160303  19160401
  19180203  19180304
  19191025  19191123
  19210807  19210905
  19250722  19250820
  19260902  19261001
  19261214  19270112
  19270310  19270408
  19271215  19280113
  19310124  19310222
  19310815  19310913
  19330901  19330930
  19350110  19350208
  19380105  19380203
  19390927  19391026
  19400910  19401009
  19401115  19401214
  19430724  19430822
  19430922  19431021
  19491215  19500113
  19510101  19510130
  19510420  19510519
  19530927  19531026
  19540116  19540214
  19550206  19550307
  19551126  19551225
  19581025  19581123
  19610910  19611009
  19680117  19680215
  19700415  19700514
  19731002  19731031
  19760317  19760415
  19780911  19781010
  19800626  19800725
  19850208  19850309
  19851217  19860115
  19860320  19860418
  19870425  19870524
  19870919  19871018
  19880525  19880623
  19881123  19881222
  19900529  19900627
  19930429  19930528
  19950322  19950420
  19980904  19981003
  19990507  19990605
  20001128  20001227
  20010322  20010420
  20020519  20020617
  20031211  20040109
  20040227  20040327
  20070626  20070725
  20100315  20100413
  20130904  20131003
  20170124  20170222
