  19171030  19171128
  19190817  19190915
  19210220  19210321
  19221010  19221108
  19250223  19250324
  19250512  19250610
  19260413  19260512
  19300617  19300716
  19310926  19311025
  19320707  19320805
  19330907  19331006
  19360418  19360517
  19391120  19391219
  19410903  19411002
  19440510  19440608
  19450221  19450322
  19570605  19570704
  19590104  19590202
  19630312  19630410
  19630702  19630731
  19640411  19640510
  19651007  19651105
  19680317  19680415
  19691002  19691031
  19700427  19700526
  19700824  19700922
  19740911  19741010
  19770117  19770215
  19800521  19800619
  19800729  19800827
  19801125  19801224
  19830620  19830719
  19850208  19850309
  19870704  19870802
  19880206  19880306
  19881130  19881229
  19990514  19990612
  20000922  20001021
  20010925  20011024
  20020509  20020607
  20040207  20040307
  20050119  20050217
  20060212  20060313
  20080511  20080609
  20090115  20090213
  20100528  20100626
  20170123  20170221
