  19161021  19161119
  19171108  19171207
  19190810  19190908
  19200910  19201009
  19210504  19210602
  19300319  19300417
  19310522  19310620
  19320802  19320831
  19360330  19360428
  19371031  19371129
  19380913  19381012
  19390730  19390828
  19410704  19410802
  19420331  19420429
  19470117  19470215
  19480724  19480822
  19570404  19570503
  19600314  19600412
  19601111  19601210
  19620331  19620429
  19630305  19630403
  19630830  19630928
  19650410  19650509
  19660505  19660603
  19680112  19680210
  19690209  19690310
  19760321  19760419
  19830202  19830303
  19860224  19860325
  19870418  19870517
  19870704  19870802
  19980805  19980903
  19990303  19990401
  20000929  20001028
  20010321  20010419
  20011015  20011113
  20020714  20020812
  20070505  20070603
  20070728  20070826
  20080828  20080926
  20150416  20150515
