  19171030  19171128
  19190520  19190618
  19200501  19200530
  19210406  19210505
  19250319  19250417
  19260625  19260724
  19270317  19270415
  19300917  19301016
  19310322  19310420
  19320414  19320513
  19331029  19331127
  19351001  19351030
  19400625  19400724
  19410408  19410507
  19411108  19411207
  19480813  19480911
  19490403  19490502
  19500423  19500522
  19500830  19500928
  19520604  19520703
  19521007  19521105
  19550812  19550910
  19570312  19570410
  19590402  19590501
  19590823  19590921
  19630506  19630604
  19640307  19640405
  19650305  19650403
  19680624  19680723
  19700701  19700730
  19710515  19710613
  19740926  19741025
  19800318  19800416
  19810314  19810412
  19840816  19840914
  19850315  19850413
  19891117  19891216
  19910604  19910703
  19920424  19920523
  19950805  19950903
  19990328  19990426
  20010905  20011004
  20020714  20020812
  20130320  20130418
  20160818  20160916
