  19190822  19190920
  19210714  19210812
  19221017  19221115
  19230521  19230619
  19250512  19250610
  19260413  19260512
  19300717  19300815
  19310905  19311004
  19330419  19330518
  19380111  19380209
  19400831  19400929
  19410402  19410501
  19410717  19410815
  19420310  19420408
  19430921  19431020
  19440509  19440607
  19450222  19450323
  19470416  19470515
  19501207  19510105
  19530627  19530726
  19530927  19531026
  19551119  19551218
  19610901  19610930
  19640412  19640511
  19660603  19660702
  19680317  19680415
  19700818  19700916
  19711205  19720103
  19720213  19720313
  19760128  19760226
  19760623  19760722
  19770324  19770422
  19801126  19801225
  19830615  19830714
  19850212  19850313
  19850523  19850621
  19851217  19860115
  19870704  19870802
  19880205  19880305
  19881128  19881227
  19940504  19940602
  19950303  19950401
  19980613  19980712
  20000930  20001029
  20011015  20011113
  20020124  20020222
  20020514  20020612
  20060105  20060203
  20090615  20090714
  20121024  20121122
  20161014  20161112
