  19171002  19171031
  19380910  19381009
  19480807  19480905
  19500805  19500903
  19530828  19530926
  19551001  19551030
  19620712  19620810
  19720207  19720307
  19730811  19730909
  19740806  19740904
  19750707  19750805
  19750910  19751009
  19790806  19790904
  19950709  19950807
  19951106  19951205
  19981225  19990123
  19991018  19991116
  20051019  20051117
  20061029  20061127
  20090724  20090822
  20120927  20121026
  20131220  20140118
  20160224  20160324
  20170809  20170907
