  19171030  19171128
  19180517  19180615
  19190622  19190721
  19210425  19210524
  19240929  19241028
  19260409  19260508
  19300403  19300502
  19310506  19310604
  19310903  19311002
  19330520  19330618
  19331224  19340122
  19340306  19340404
  19360331  19360429
  19390807  19390905
  19410126  19410224
  19410405  19410504
  19420327  19420425
  19440429  19440528
  19460307  19460405
  19470117  19470215
  19480507  19480605
  19510418  19510517
  19520323  19520421
  19540603  19540702
  19600314  19600412
  19630305  19630403
  19630829  19630927
  19640426  19640525
  19651021  19651119
  19660211  19660312
  19750606  19750705
  19761207  19770105
  19830130  19830228
  19830701  19830730
  19851206  19860104
  19860313  19860411
  19870416  19870515
  19870707  19870805
  19880406  19880505
  19891117  19891216
  19920330  19920428
  19950217  19950318
  19981008  19981106
  19990628  19990727
  20010403  20010502
  20070506  20070604
  20080801  20080830
  20100911  20101010
  20120303  20120401
  20160919  20161018
