  19160820  19160918
  19180130  19180228
  19180430  19180529
  19210430  19210529
  19240718  19240816
  19250318  19250416
  19270623  19270722
  19271231  19280129
  19281119  19281218
  19300524  19300622
  19310105  19310203
  19310511  19310609
  19330505  19330603
  19380903  19381002
  19391003  19391101
  19410102  19410131
  19420321  19420419
  19530510  19530608
  19540116  19540214
  19550815  19550913
  19551202  19551231
  19570711  19570809
  19601130  19601229
  19621120  19621219
  19650403  19650502
  19651020  19651118
  19770417  19770516
  19780622  19780721
  19800705  19800803
  19801201  19801230
  19830713  19830811
  19841202  19841231
  19850207  19850308
  19851212  19860110
  19870324  19870422
  19870626  19870725
  19880203  19880303
  19880524  19880622
  19990715  19990813
  20000413  20000512
  20040223  20040323
  20060510  20060608
  20071126  20071225
  20080528  20080626
  20110928  20111027
  20120309  20120407
  20160918  20161017
