  19161019  19161117
  19170905  19171004
  19180212  19180313
  19220901  19220930
  19240919  19241018
  19250318  19250416
  19260331  19260429
  19300524  19300622
  19310829  19310927
  19320408  19320507
  19330525  19330623
  19360703  19360801
  19400905  19401004
  19410202  19410303
  19440614  19440713
  19460803  19460901
  19470703  19470801
  19530722  19530820
  19560831  19560929
  19590328  19590426
  19600229  19600329
  19610826  19610924
  19621101  19621130
  19630305  19630403
  19640512  19640610
  19650328  19650426
  19660218  19660319
  19710310  19710408
  19720429  19720528
  19760311  19760409
  19770424  19770523
  19780302  19780331
  19830625  19830724
  19860811  19860909
  19870324  19870422
  19880403  19880502
  19891021  19891119
  19990721  19990819
  19991010  19991108
  20000721  20000819
  20010312  20010410
  20050430  20050529
  20050926  20051025
  20070708  20070806
  20100910  20101009
  20120309  20120407
  20160108  20160206
  20161014  20161112
