  19160705  19160803
  19241007  19241105
  19250302  19250331
  19250511  19250609
  19260410  19260509
  19280813  19280911
  19300330  19300428
  19360409  19360508
  19380919  19381018
  19390409  19390508
  19390803  19390901
  19410321  19410419
  19430906  19431005
  19440611  19440710
  19460302  19460331
  19491012  19491110
  19520526  19520624
  19520919  19521018
  19530802  19530831
  19561004  19561102
  19600831  19600929
  19610911  19611010
  19620326  19620424
  19630610  19630709
  19640812  19640910
  19660217  19660318
  19670516  19670614
  19680906  19681005
  19760312  19760410
  19761104  19761203
  19770504  19770602
  19780811  19780909
  19820327  19820425
  19880403  19880502
  19910414  19910513
  19950806  19950904
  20010624  20010723
  20020616  20020715
  20070426  20070525
  20120229  20120329
  20120507  20120605
  20160513  20160611
