  19160122  19160220
  19170428  19170527
  19170906  19171005
  19240531  19240629
  19250117  19250215
  19271220  19280118
  19330821  19330919
  19340527  19340625
  19360131  19360229
  19400204  19400304
  19421227  19430125
  19430328  19430426
  19470627  19470726
  19491021  19491119
  19520730  19520828
  19540121  19540219
  19540513  19540611
  19550205  19550306
  19551202  19551231
  19560709  19560807
  19561222  19570120
  19581119  19581218
  19620625  19620724
  19630224  19630325
  19630918  19631017
  19650330  19650428
  19780926  19781025
  19801129  19801228
  19811109  19811208
  19870323  19870421
  19880405  19880504
  19890930  19891029
  19960127  19960225
  19980428  19980527
  19990709  19990807
  19991009  19991107
  20000710  20000808
  20020408  20020507
  20030330  20030428
  20040226  20040326
  20050412  20050511
  20080515  20080613
  20100302  20100331
  20110910  20111009
  20121002  20121031
  20160915  20161014
  20170128  20170226
  20171102  20171201
