  19160101  19160130
  19190326  19190424
  19190818  19190916
  19210131  19210301
  19210804  19210902
  19240701  19240730
  19250406  19250505
  19261203  19270101
  19270804  19270902
  19271215  19280113
  19310728  19310826
  19331115  19331214
  19340601  19340630
  19350921  19351020
  19360408  19360507
  19371224  19380122
  19390814  19390912
  19400817  19400915
  19410824  19410922
  19420926  19421025
  19430831  19430929
  19491218  19500116
  19510423  19510522
  19530506  19530604
  19540104  19540202
  19540709  19540807
  19550202  19550303
  19550413  19550512
  19550909  19551008
  19561109  19561208
  19610830  19610928
  19670902  19671001
  19700817  19700915
  19720623  19720722
  19720829  19720927
  19730920  19731019
  19740915  19741014
  19770319  19770417
  19780917  19781016
  19800727  19800825
  19810825  19810923
  19841122  19841221
  19850206  19850307
  19860314  19860412
  19870622  19870721
  19900808  19900906
  19911110  19911209
  19950221  19950322
  19980517  19980615
  19981007  19981105
  19990131  19990301
  19990630  19990729
  20000415  20000514
  20000919  20001018
  20010322  20010420
  20010904  20011003
  20040214  20040314
  20040502  20040531
  20060614  20060713
  20081207  20090105
  20110427  20110526
  20120311  20120409
  20130918  20131017
  20161007  20161105
  20170131  20170301
  20180129  20180227
