  19161019  19161117
  19180419  19180518
  19240927  19241026
  19260511  19260609
  19300528  19300626
  19310910  19311009
  19340707  19340805
  19350712  19350810
  19360722  19360820
  19440610  19440709
  19470627  19470726
  19480515  19480613
  19520529  19520627
  19530520  19530618
  19540129  19540227
  19540516  19540614
  19551202  19551231
  19560501  19560530
  19560901  19560930
  19630908  19631007
  19640424  19640523
  19650325  19650423
  19660211  19660312
  19660513  19660611
  19661026  19661124
  19720129  19720227
  19760312  19760410
  19770502  19770531
  19780620  19780719
  19800608  19800707
  19811114  19811213
  19870324  19870422
  19880402  19880501
  19920314  19920412
  19980319  19980417
  19990719  19990817
  20000711  20000809
  20110521  20110619
  20120418  20120517
