  19210505  19210603
  19241019  19241117
  19260408  19260507
  19280813  19280911
  19300706  19300804
  19310927  19311026
  19330914  19331013
  19360411  19360510
  19380920  19381019
  19390412  19390511
  19410910  19411009
  19430817  19430915
  19460301  19460330
  19470908  19471007
  19480804  19480902
  19490523  19490621
  19490919  19491018
  19510916  19511015
  19520530  19520628
  19530920  19531019
  19550426  19550525
  19590430  19590529
  19630913  19631012
  19640822  19640920
  19660610  19660709
  19690804  19690902
  19710509  19710607
  19710921  19711020
  19770424  19770523
  19781018  19781116
  19810220  19810321
  19820326  19820424
  19850325  19850423
  19880219  19880319
  19880520  19880618
  19910423  19910522
  19950415  19950514
  19981010  19981108
