  19210423  19210522
  19210818  19210916
  19220901  19220930
  19241005  19241103
  19330514  19330612
  19340413  19340512
  19360519  19360617
  19390415  19390514
  19430826  19430924
  19431123  19431222
  19460302  19460331
  19470904  19471003
  19480806  19480904
  19521007  19521105
  19530525  19530623
  19540626  19540725
  19561005  19561103
  19581121  19581220
  19610826  19610924
  19620420  19620519
  19621207  19630105
  19630817  19630915
  19640822  19640920
  19650419  19650518
  19660610  19660709
  19690817  19690915
  19691212  19700110
  19710521  19710619
  19710922  19711021
  19781014  19781112
  19790526  19790624
  19800730  19800828
  19810218  19810319
  19840917  19841016
  19850313  19850411
  19870406  19870505
  19880522  19880620
  19950226  19950327
  19990322  19990420
  19990706  19990804
  20021227  20030125
  20120609  20120708
  20150114  20150212
