  19180212  19180313
  19180518  19180616
  19210502  19210531
  19260408  19260507
  19300325  19300423
  19331031  19331129
  19360406  19360505
  19390814  19390912
  19410126  19410224
  19431108  19431207
  19440509  19440607
  19441002  19441031
  19460226  19460327
  19490404  19490503
  19520405  19520504
  19530520  19530618
  19550728  19550826
  19551204  19560102
  19560224  19560324
  19560831  19560929
  19600820  19600918
  19621016  19621114
  19630317  19630415
  19630825  19630923
  19640927  19641026
  19650403  19650502
  19651020  19651118
  19660604  19660703
  19710920  19711019
  19720424  19720523
  19761024  19761122
  19800403  19800502
  19860312  19860410
  19870414  19870513
  19880329  19880427
  19890329  19890427
  19891017  19891115
  19950220  19950321
  19990808  19990906
  20070705  20070803
  20100910  20101009
  20120416  20120515
  20170120  20170218
