  19160818  19160916
  19190530  19190628
  19270723  19270821
  19300713  19300811
  19340407  19340506
  19460710  19460808
  19460910  19461009
  19470924  19471023
  19480828  19480926
  19520901  19520930
  19530921  19531020
  19560926  19561025
  19590525  19590623
  19641010  19641108
  19660519  19660617
  19790823  19790921
  19820416  19820515
  19870311  19870409
  19880423  19880522
  19920423  19920522
  19980707  19980805
  20000225  20000325
  20010624  20010723
  20020814  20020912
  20040825  20040923
  20050312  20050410
  20080914  20081013
