  19181012  19181110
  19230608  19230707
  19241003  19241101
  19270303  19270401
  19300328  19300426
  19320418  19320517
  19350911  19351010
  19360413  19360512
  19360615  19360714
  19380209  19380310
  19390408  19390507
  19410901  19410930
  19440416  19440515
  19461018  19461116
  19480807  19480905
  19490520  19490618
  19520924  19521023
  19530511  19530609
  19530811  19530909
  19550425  19550524
  19570405  19570504
  19590410  19590509
  19620401  19620430
  19640408  19640507
  19660301  19660330
  19660610  19660709
  19700712  19700810
  19710522  19710620
  19761026  19761124
  19810224  19810325
  19860314  19860412
  19870419  19870518
  19970514  19970612
  19990315  19990413
  19990524  19990622
  20010925  20011024
  20050712  20050810
  20060206  20060307
  20130308  20130406
  20130920  20131019
  20140814  20140912
  20150421  20150520
