  19190829  19190927
  19241023  19241121
  19280819  19280917
  19310926  19311025
  19330914  19331013
  19381005  19381103
  19390411  19390510
  19410405  19410504
  19410904  19411003
  19480805  19480903
  19490922  19491021
  19550426  19550525
  19561017  19561115
  19610811  19610909
  19640826  19640924
  19660925  19661024
  19690730  19690828
  19770424  19770523
  19781017  19781115
  19810224  19810325
  19820326  19820424
  19870418  19870517
  19950312  19950410
  19981010  19981108
  19990423  19990522
  20020730  20020828
  20140830  20140928
  20160506  20160604
