  19161019  19161117
  19191208  19200106
  19221023  19221121
  19230523  19230621
  19240930  19241029
  19270302  19270331
  19280208  19280308
  19281028  19281126
  19300327  19300425
  19320417  19320516
  19350909  19351008
  19360615  19360714
  19380203  19380304
  19390413  19390512
  19410831  19410929
  19431118  19431217
  19440416  19440515
  19460308  19460406
  19461007  19461105
  19480807  19480905
  19490522  19490620
  19520922  19521021
  19530511  19530609
  19530810  19530908
  19560709  19560807
  19570405  19570504
  19590411  19590510
  19620401  19620430
  19621207  19630105
  19630306  19630404
  19640408  19640507
  19650211  19650312
  19651016  19651114
  19660302  19660331
  19710522  19710620
  19800730  19800828
  19801129  19801228
  19860315  19860413
  19970827  19970925
  19990316  19990414
  19990524  19990622
  20010927  20011026
  20060206  20060307
  20130304  20130402
  20130923  20131022
  20140813  20140911
