  19161019  19161117
  19180930  19181029
  19191207  19200105
  19230523  19230621
  19240930  19241029
  19270302  19270331
  19280208  19280308
  19280928  19281027
  19300328  19300426
  19300901  19300930
  19320418  19320517
  19350908  19351007
  19360613  19360712
  19380202  19380303
  19390409  19390508
  19410825  19410923
  19430526  19430624
  19431115  19431214
  19440416  19440515
  19460308  19460406
  19461009  19461107
  19471216  19480114
  19490520  19490618
  19520919  19521018
  19550426  19550525
  19560709  19560807
  19590411  19590510
  19630305  19630403
  19640408  19640507
  19650213  19650314
  19651008  19651106
  19660303  19660401
  19660610  19660709
  19680906  19681005
  19710518  19710616
  19781006  19781104
  19790610  19790709
  19800112  19800210
  19800731  19800829
  19801129  19801228
  19810220  19810321
  19820202  19820303
  19840906  19841005
  19860315  19860413
  19891119  19891218
  19910512  19910610
  19951123  19951222
  20010925  20011024
  20060205  20060306
  20130925  20131024
  20160811  20160909
