  19171124  19171223
  19191213  19200111
  19221010  19221108
  19241003  19241101
  19270308  19270406
  19280913  19281012
  19290520  19290618
  19300326  19300424
  19320416  19320515
  19350919  19351018
  19410302  19410331
  19410901  19410930
  19461020  19461118
  19470903  19471002
  19471216  19480114
  19480812  19480910
  19500604  19500703
  19521003  19521101
  19550612  19550711
  19561008  19561106
  19570227  19570328
  19590408  19590507
  19601130  19601229
  19640823  19640921
  19650214  19650315
  19651008  19651106
  19660302  19660331
  19701204  19710102
  19710514  19710612
  19711011  19711109
  19740705  19740803
  19761029  19761127
  19780609  19780708
  19800112  19800210
  19801129  19801228
  19810223  19810324
  19811222  19820120
  19830618  19830717
  19850312  19850410
  19860318  19860416
  19880218  19880318
  19880520  19880618
  19891120  19891219
  19941002  19941031
  19950227  19950328
  19960720  19960818
  19990324  19990422
  20001218  20010116
  20010329  20010427
  20010926  20011025
  20020703  20020801
  20021223  20030121
  20110101  20110130
  20120224  20120324
  20130926  20131025
  20150110  20150208
  20160304  20160402
  20180418  20180517
