  19160402  19160501
  19161020  19161118
  19170907  19171006
  19180428  19180527
  19220805  19220903
  19260424  19260523
  19290706  19290804
  19300525  19300623
  19310831  19310929
  19320330  19320428
  19360722  19360820
  19431026  19431124
  19470627  19470726
  19480826  19480924
  19520523  19520621
  19530513  19530611
  19540219  19540320
  19541104  19541203
  19560901  19560930
  19590403  19590502
  19600301  19600330
  19620411  19620510
  19630316  19630414
  19640428  19640527
  19650326  19650424
  19651022  19651120
  19660216  19660317
  19660512  19660610
  19661021  19661119
  19710313  19710411
  19760308  19760406
  19770419  19770518
  19780623  19780722
  19800619  19800718
  19811112  19811211
  19830720  19830818
  19870323  19870421
  19880406  19880505
  19891020  19891118
  19920327  19920425
  19990709  19990807
  20000715  20000813
  20030304  20030402
  20050331  20050429
  20050924  20051023
  20100909  20101008
  20161014  20161112
