  19180717  19180815
  19200523  19200621
  19210525  19210623
  19231014  19231112
  19261207  19270105
  19310528  19310626
  19320611  19320710
  19380730  19380828
  19410502  19410531
  19420620  19420719
  19440517  19440615
  19440801  19440830
  19441022  19441120
  19480601  19480630
  19490612  19490711
  19500406  19500505
  19511013  19511111
  19551012  19551110
  19561016  19561114
  19610628  19610727
  19620414  19620513
  19630629  19630728
  19650401  19650430
  19670329  19670427
  19701004  19701102
  19740317  19740415
  19770910  19771009
  19780812  19780910
  19860820  19860918
  19870722  19870820
  19880820  19880918
  19901010  19901108
  19960711  19960809
  20020909  20021008
  20040502  20040531
  20041028  20041126
  20060920  20061019
  20090913  20091012
  20121026  20121124
  20150430  20150529
