  19180918  19181017
  19220831  19220929
  19240930  19241029
  19270219  19270320
  19300824  19300922
  19331022  19331120
  19391109  19391208
  19410319  19410417
  19410828  19410926
  19420327  19420425
  19440104  19440202
  19440620  19440719
  19460318  19460416
  19490514  19490612
  19540510  19540608
  19551120  19551219
  19570410  19570509
  19620414  19620513
  19621206  19630104
  19630306  19630404
  19640205  19640305
  19640713  19640811
  19651008  19651106
  19660519  19660617
  19680827  19680925
  19710531  19710629
  19720714  19720812
  19800119  19800217
  19801125  19801224
  19880304  19880402
  19880519  19880617
  19891116  19891215
  19920116  19920214
  19950718  19950816
  19980621  19980720
  19981009  19981107
  19990525  19990623
  20010926  20011025
  20050701  20050730
  20060209  20060310
  20090115  20090213
  20101212  20110110
  20130905  20131004
  20160802  20160831
  20170826  20170924
  20171109  20171208
