  19370820  19370918
  19390416  19390515
  19390808  19390906
  19400821  19400919
  19410620  19410719
  19430913  19431012
  19441014  19441112
  19451007  19451105
  19470825  19470923
  19520901  19520930
  19530809  19530907
  19551006  19551104
  19560904  19561003
  19581002  19581031
  19740603  19740702
  19750617  19750716
  19750919  19751018
  19760727  19760825
  19800401  19800430
  20000731  20000829
  20030709  20030807
  20040831  20040929
  20050812  20050910
  20110905  20111004
  20120621  20120720
  20130616  20130715
