  19170929  19171028
  19210131  19210301
  19210809  19210907
  19240701  19240730
  19250217  19250318
  19250824  19250922
  19261214  19270112
  19270302  19270331
  19270805  19270903
  19271217  19280115
  19310505  19310603
  19310814  19310912
  19351004  19351102
  19360802  19360831
  19371224  19380122
  19420926  19421025
  19430921  19431020
  19450206  19450307
  19461117  19461216
  19491216  19500114
  19540109  19540207
  19540515  19540613
  19550201  19550302
  19561110  19561209
  19610831  19610929
  19630929  19631028
  19670216  19670317
  19670824  19670922
  19680102  19680131
  19720829  19720927
  19730927  19731026
  19740926  19741025
  19770321  19770419
  19780810  19780908
  19810829  19810927
  19830723  19830821
  19841126  19841225
  19860314  19860412
  19870904  19871003
  19880516  19880614
  19881212  19890110
  19900808  19900906
  19980505  19980603
  19981011  19981109
  19990201  19990302
  20000425  20000524
  20010331  20010429
  20010921  20011020
  20020311  20020409
  20040225  20040325
  20060217  20060318
  20060614  20060713
  20070302  20070331
  20081208  20090106
  20110515  20110613
  20110727  20110825
  20111212  20120110
  20120311  20120409
  20120919  20121018
  20170208  20170309
