  19161019  19161117
  19171029  19171127
  19180130  19180228
  19200912  19201011
  19210501  19210530
  19240918  19241017
  19250225  19250326
  19300313  19300411
  19300606  19300705
  19310509  19310607
  19331105  19331204
  19340307  19340405
  19360403  19360502
  19380916  19381015
  19400830  19400928
  19410404  19410503
  19420324  19420422
  19430422  19430521
  19440429  19440528
  19510421  19510520
  19510630  19510729
  19520323  19520421
  19530515  19530613
  19530919  19531018
  19540601  19540630
  19550823  19550921
  19560501  19560530
  19570404  19570503
  19620408  19620507
  19621113  19621212
  19630907  19631006
  19650404  19650503
  19651001  19651030
  19660217  19660318
  19670220  19670321
  19760312  19760410
  19770619  19770718
  19780303  19780401
  19801201  19801230
  19830713  19830811
  19851129  19851228
  19860313  19860411
  19870324  19870422
  19870704  19870802
  19880412  19880511
  19900712  19900810
  19950218  19950319
  19990728  19990826
  20000416  20000515
  20000731  20000829
  20070214  20070315
  20080617  20080716
  20081223  20090121
  20120309  20120407
  20160826  20160924
