  19160818  19160916
  19270728  19270826
  19300713  19300811
  19470714  19470812
  19470921  19471020
  19520831  19520929
  19530919  19531018
  19550611  19550710
  19580303  19580401
  19590531  19590629
  19630909  19631008
  19660530  19660628
  19680321  19680419
  19720506  19720604
  19780618  19780717
  19870313  19870411
  19880429  19880528
  19890612  19890711
  19920506  19920604
  19980707  19980805
  20000923  20001022
  20010611  20010710
  20020822  20020920
  20040825  20040923
  20120815  20120913
  20130727  20130825
  20150905  20151004
