  19180318  19180416
  19211018  19211116
  19220901  19220930
  19240928  19241027
  19270718  19270816
  19290817  19290915
  19320902  19321001
  19360915  19361014
  19470928  19471027
  19480901  19480930
  19520812  19520910
  19531006  19531104
  19560911  19561010
  19580320  19580418
  19630906  19631005
  19660605  19660704
  19690727  19690825
  19760812  19760910
  19800409  19800508
  19860430  19860529
  19880427  19880526
  19890615  19890714
  19980409  19980508
  20000901  20000930
  20040823  20040921
  20050306  20050404
  20120308  20120406
  20150828  20150926
