  19161020  19161118
  19191220  19200118
  19220831  19220929
  19230522  19230620
  19240127  19240225
  19241007  19241105
  19260324  19260422
  19280912  19281011
  19300915  19301014
  19340116  19340214
  19340420  19340519
  19360411  19360510
  19360621  19360720
  19390409  19390508
  19410406  19410505
  19410825  19410923
  19460309  19460407
  19461026  19461124
  19480802  19480831
  19520922  19521021
  19551124  19551223
  19590428  19590527
  19601024  19601122
  19610829  19610927
  19620406  19620505
  19630313  19630411
  19640608  19640707
  19640812  19640910
  19651007  19651105
  19660520  19660618
  19701130  19701229
  19720725  19720823
  19761211  19770109
  19800116  19800214
  19800722  19800820
  19810219  19810320
  19820818  19820916
  19840827  19840925
  19841229  19850127
  19870415  19870514
  19880519  19880617
  19891119  19891218
  19910424  19910523
  19950308  19950406
  19981009  19981107
  20011002  20011031
  20060220  20060321
  20070428  20070527
  20090209  20090310
  20150109  20150207
  20160517  20160615
  20170826  20170924
