  19240921  19241020
  19260423  19260522
  19330522  19330620
  19340504  19340602
  19360305  19360403
  19390812  19390910
  19421227  19430125
  19430629  19430728
  19470628  19470727
  19480825  19480923
  19520523  19520621
  19530516  19530614
  19540220  19540321
  19540510  19540608
  19551003  19551101
  19560209  19560309
  19560831  19560929
  19620410  19620509
  19630305  19630403
  19630912  19631011
  19640510  19640608
  19660210  19660311
  19660518  19660616
  19660827  19660925
  19710221  19710322
  19760309  19760407
  19770419  19770518
  19780607  19780706
  19800620  19800719
  19830720  19830818
  19870326  19870424
  19880408  19880507
  19890929  19891028
  19920326  19920424
  19960124  19960222
  20000718  20000816
  20050413  20050512
  20050924  20051023
  20070213  20070314
  20100911  20101010
  20110529  20110627
  20120416  20120515
  20121013  20121111
  20160903  20161002
  20171022  20171120
