  19161019  19161117
  19170402  19170501
  19180205  19180306
  19210429  19210528
  19211002  19211031
  19220719  19220817
  19240926  19241025
  19250319  19250417
  19280901  19280930
  19300310  19300408
  19300525  19300623
  19310911  19311010
  19340306  19340404
  19350708  19350806
  19360327  19360425
  19410423  19410522
  19430418  19430517
  19440614  19440713
  19470628  19470727
  19510429  19510528
  19520524  19520622
  19530517  19530615
  19540607  19540706
  19600305  19600403
  19630916  19631015
  19650320  19650418
  19651011  19651109
  19660210  19660311
  19660524  19660622
  19760314  19760412
  19770404  19770503
  19780302  19780331
  19800723  19800821
  19801201  19801230
  19840520  19840618
  19851212  19860110
  19870331  19870429
  19880404  19880503
  19980813  19980911
  20000806  20000904
  20070225  20070326
  20081224  20090122
  20120309  20120407
