  19160124  19160222
  19180130  19180228
  19180612  19180711
  19210102  19210131
  19240701  19240730
  19250220  19250321
  19300524  19300622
  19310831  19310929
  19320219  19320319
  19330904  19331003
  19350911  19351010
  19360923  19361022
  19410424  19410523
  19491030  19491128
  19510418  19510517
  19510702  19510731
  19520628  19520727
  19520918  19521017
  19530908  19531007
  19540115  19540213
  19540712  19540810
  19550206  19550307
  19551202  19551231
  19561224  19570122
  19630224  19630325
  19650312  19650410
  19680108  19680206
  19720730  19720828
  19800721  19800819
  19801201  19801230
  19820218  19820319
  19841129  19841228
  19880403  19880502
  19890728  19890826
  19900713  19900811
  19940717  19940815
  19970814  19970912
  19990314  19990412
  20040227  20040327
  20051002  20051031
  20060508  20060606
  20070213  20070314
  20090527  20090625
  20100819  20100917
  20110514  20110612
  20160911  20161010
  20171023  20171121
