  19160908  19161007
  19171002  19171031
  19260406  19260505
  19300212  19300313
  19300612  19300711
  19320317  19320415
  19330521  19330619
  19340505  19340603
  19370823  19370921
  19390813  19390911
  19400906  19401005
  19501002  19501031
  19520404  19520503
  19520818  19520916
  19530515  19530613
  19550321  19550419
  19550723  19550821
  19551005  19551103
  19600808  19600906
  19620410  19620509
  19630908  19631007
  19640405  19640504
  19651018  19651116
  19660525  19660623
  19700624  19700723
  19710301  19710330
  19720501  19720530
  19750617  19750716
  19870413  19870512
  19890323  19890421
  19890928  19891027
  19910514  19910612
  20171024  20171122
