  19160302  19160331
  19180131  19180301
  19210228  19210329
  19210513  19210611
  19260411  19260510
  19260911  19261010
  19270310  19270408
  19271220  19280118
  19300406  19300505
  19310108  19310206
  19310521  19310619
  19310814  19310912
  19350108  19350206
  19360423  19360522
  19390930  19391029
  19400827  19400925
  19401228  19410126
  19410401  19410430
  19441208  19450106
  19491215  19500113
  19540116  19540214
  19550206  19550307
  19551126  19551225
  19560501  19560530
  19610917  19611016
  19630714  19630812
  19740915  19741014
  19760316  19760414
  19770409  19770508
  19780903  19781002
  19800625  19800724
  19801203  19810101
  19810211  19810312
  19830701  19830730
  19840821  19840919
  19850209  19850310
  19870912  19871011
  19880204  19880304
  19900529  19900627
  19930531  19930629
  19950303  19950401
  19980605  19980704
  19981008  19981106
  19990706  19990804
  20010714  20010812
  20020518  20020616
  20031214  20040112
  20040227  20040327
  20070302  20070331
  20080511  20080609
  20101202  20101231
  20170127  20170225
