  19160721  19160819
  19200421  19200520
  19210818  19210916
  19220903  19221002
  19300801  19300830
  19340430  19340529
  19390623  19390722
  19400721  19400819
  19410412  19410511
  19460314  19460412
  19470822  19470920
  19480806  19480904
  19490405  19490504
  19530522  19530620
  19530920  19531019
  19550601  19550630
  19560925  19561024
  19570924  19571023
  19610826  19610924
  19630818  19630916
  19640822  19640920
  19650412  19650511
  19660610  19660709
  19710519  19710617
  19710921  19711020
  19730925  19731024
  19790528  19790626
  19800324  19800422
  19870324  19870422
  19950311  19950409
  19990328  19990426
