  19180408  19180507
  19220613  19220712
  19231021  19231119
  19260210  19260311
  19340226  19340327
  19360907  19361006
  19390312  19390410
  19431120  19431219
  19470402  19470501
  19550119  19550217
  19591007  19591105
  19650128  19650226
  19660412  19660511
  19680318  19680416
  19700304  19700402
  19760925  19761024
  19781001  19781030
  19850402  19850501
  19861103  19861202
  19870322  19870420
  19880124  19880222
  19900305  19900403
  19920417  19920516
  19931011  19931109
  19940217  19940318
  19950929  19951028
  20030909  20031008
  20130407  20130506
  20131008  20131106
  20140330  20140428
  20150206  20150307
  20150407  20150506
  20150916  20151015
