  19161019  19161117
  19171116  19171215
  19210227  19210328
  19210803  19210901
  19221010  19221108
  19250814  19250912
  19300407  19300506
  19310923  19311022
  19331018  19331116
  19360410  19360509
  19410405  19410504
  19410827  19410925
  19450222  19450323
  19460227  19460328
  19491108  19491207
  19551119  19551218
  19570405  19570504
  19570608  19570707
  19601110  19601209
  19620703  19620801
  19630315  19630413
  19640429  19640528
  19650407  19650506
  19651007  19651105
  19680317  19680415
  19690310  19690408
  19761225  19770123
  19801125  19801224
  19850212  19850313
  19860825  19860923
  19870628  19870727
  19910422  19910521
  19940504  19940602
  19950309  19950407
  19980628  19980727
  19990412  19990511
  20000928  20001027
  20010926  20011025
  20060208  20060309
  20070425  20070524
  20090111  20090209
  20120301  20120330
  20160302  20160331
  20160730  20160828
  20160930  20161029
  20171108  20171207
