  19180621  19180720
  19220902  19221001
  19230920  19231019
  19241012  19241110
  19250227  19250328
  19250510  19250608
  19260408  19260507
  19280819  19280917
  19300410  19300509
  19320716  19320814
  19330703  19330801
  19340404  19340503
  19360411  19360510
  19380918  19381017
  19390730  19390828
  19400904  19401003
  19410303  19410401
  19430905  19431004
  19440606  19440705
  19441004  19441102
  19460227  19460328
  19460817  19460915
  19470915  19471014
  19520524  19520622
  19530809  19530907
  19570711  19570809
  19600821  19600919
  19610908  19611007
  19640812  19640910
  19660221  19660322
  19660529  19660627
  19660811  19660909
  19690131  19690301
  19710306  19710404
  19760320  19760418
  19770423  19770522
  19820325  19820423
  19850328  19850426
  19880516  19880614
  19910419  19910518
  19950730  19950828
  19951114  19951213
  20120229  20120329
  20120509  20120607
  20170904  20171003
