  19161024  19161122
  19200914  19201013
  19210226  19210327
  19250704  19250802
  19260412  19260511
  19300406  19300505
  19310908  19311007
  19340409  19340508
  19350829  19350927
  19360331  19360429
  19370501  19370530
  19390407  19390506
  19390818  19390916
  19410405  19410504
  19410827  19410925
  19420318  19420416
  19470330  19470428
  19530906  19531005
  19570404  19570503
  19590602  19590701
  19600318  19600416
  19620401  19620430
  19630305  19630403
  19630913  19631012
  19640407  19640506
  19651009  19651107
  19660505  19660603
  19690212  19690313
  19760330  19760428
  19770109  19770207
  19801124  19801223
  19811028  19811126
  19860224  19860325
  19870626  19870725
  19880204  19880304
  19941023  19941121
  19950228  19950329
  19980731  19980829
  20000925  20001024
  20060205  20060306
  20070429  20070528
  20150416  20150515
  20160218  20160318
