  19171024  19171122
  19210222  19210323
  19230908  19231007
  19250726  19250824
  19300318  19300416
  19311006  19311104
  19320803  19320901
  19340328  19340426
  19360402  19360501
  19380914  19381013
  19390417  19390516
  19391029  19391127
  19430828  19430926
  19431116  19431215
  19440624  19440723
  19470910  19471009
  19510906  19511005
  19520919  19521018
  19530806  19530904
  19561014  19561112
  19570405  19570504
  19590731  19590829
  19601110  19601209
  19620405  19620504
  19630904  19631003
  19640410  19640509
  19650416  19650515
  19651008  19651106
  19660506  19660604
  19690130  19690228
  19690921  19691020
  19710227  19710328
  19760322  19760420
  19761223  19770121
  19780109  19780207
  19820325  19820423
  19830724  19830822
  19860226  19860327
  19900204  19900305
  19910418  19910517
  19940910  19941009
  19950218  19950319
  19981010  19981108
  20001022  20001120
  20011006  20011104
  20020714  20020812
  20070413  20070512
  20070826  20070924
  20150411  20150510
