  19171031  19171129
  19221014  19221112
  19250512  19250610
  19260412  19260511
  19310105  19310203
  19310822  19310920
  19330830  19330928
  19381120  19381219
  19410904  19411003
  19420321  19420419
  19461118  19461217
  19491226  19500124
  19530920  19531019
  19540610  19540709
  19560707  19560805
  19581024  19581122
  19601024  19601122
  19620408  19620507
  19630621  19630720
  19651022  19651120
  19660219  19660320
  19670307  19670405
  19801127  19801226
  19820813  19820911
  19830617  19830716
  19850212  19850313
  19870627  19870726
  19910813  19910911
  19930529  19930627
  19950302  19950331
  19980610  19980709
  19981008  19981106
  20000417  20000516
  20000925  20001024
  20011015  20011113
  20040213  20040313
  20080509  20080607
  20121012  20121110
  20150420  20150519
  20160217  20160317
  20161008  20161106
