  19190625  19190724
  19240328  19240426
  19241006  19241104
  19360524  19360622
  19380831  19380929
  19390415  19390514
  19390808  19390906
  19400828  19400926
  19520522  19520620
  19520825  19520923
  19530517  19530615
  19530904  19531003
  19551009  19551107
  19700612  19700711
  19710723  19710821
  19720510  19720608
  19740611  19740710
  19760723  19760821
  19800406  19800505
  19830621  19830720
  19840714  19840812
  19880402  19880501
  19910603  19910702
  19990727  19990825
  19990928  19991027
  20000717  20000815
  20020527  20020625
  20060512  20060610
  20120422  20120521
  20150918  20151017
