  19220831  19220929
  19300608  19300707
  19310809  19310907
  19330520  19330618
  19340504  19340602
  19350908  19351007
  19360610  19360709
  19390809  19390907
  19440904  19441003
  19500508  19500606
  19520701  19520730
  19530822  19530920
  19580911  19581010
  19590714  19590812
  19630615  19630714
  19640709  19640807
  19660421  19660520
  19710624  19710723
  19740609  19740708
  19760804  19760902
  19780917  19781016
  19800816  19800914
  19900520  19900618
  19920328  19920426
  20120302  20120331
  20170524  20170622
