  19161018  19161116
  19170906  19171005
  19211005  19211103
  19240622  19240721
  19271231  19280129
  19300530  19300628
  19310520  19310618
  19340521  19340619
  19390818  19390916
  19520807  19520905
  19551202  19551231
  19581128  19581227
  19641211  19650109
  19650330  19650428
  19780919  19781018
  19801126  19801225
  19811109  19811208
  19880416  19880515
  19930807  19930905
  19980428  19980527
  19991011  19991109
  20000630  20000729
  20020411  20020510
  20030407  20030506
  20100325  20100423
  20100910  20101009
  20110905  20111004
  20121005  20121103
  20160909  20161008
  20170121  20170219
  20171101  20171130
