  19180920  19181019
  19191208  19200106
  19220922  19221021
  19230608  19230707
  19240930  19241029
  19281020  19281118
  19300830  19300928
  19331025  19331123
  19390418  19390517
  19391031  19391129
  19410319  19410417
  19410828  19410926
  19420324  19420422
  19461012  19461110
  19471216  19480114
  19480807  19480905
  19490514  19490612
  19520920  19521019
  19540511  19540609
  19551122  19551221
  19590411  19590510
  19620401  19620430
  19621205  19630103
  19630306  19630404
  19640419  19640518
  19640713  19640811
  19650213  19650314
  19660227  19660328
  19660528  19660626
  19720803  19720901
  19800112  19800210
  19801128  19801227
  19841222  19850120
  19880304  19880402
  19880520  19880618
  19920124  19920222
  19950228  19950329
  19950717  19950815
  19981010  19981108
  19990524  19990622
  20010928  20011027
  20060216  20060317
  20090116  20090214
  20130913  20131012
  20160731  20160829
  20170829  20170927
