  19160626  19160725
  19180512  19180610
  19240928  19241027
  19250314  19250412
  19280721  19280819
  19300416  19300515
  19340416  19340515
  19360502  19360531
  19371023  19371121
  19380914  19381013
  19390824  19390922
  19440604  19440703
  19460305  19460403
  19480730  19480828
  19520902  19521001
  19530523  19530621
  19530801  19530830
  19560830  19560928
  19600805  19600903
  19630805  19630903
  19640713  19640811
  19710302  19710331
  19740613  19740712
  19761025  19761123
  19770425  19770524
  19850328  19850426
  19880328  19880426
  19940814  19940912
  20040310  20040408
  20120502  20120531
