  19220902  19221001
  19230905  19231004
  19241004  19241102
  19250223  19250324
  19250730  19250828
  19260403  19260502
  19300315  19300413
  19320510  19320608
  19330904  19331003
  19340407  19340506
  19360403  19360502
  19380913  19381012
  19390417  19390516
  19390730  19390828
  19410313  19410411
  19430827  19430925
  19431116  19431215
  19460222  19460323
  19470130  19470228
  19470915  19471014
  19490922  19491021
  19520924  19521023
  19530921  19531020
  19561013  19561111
  19570404  19570503
  19570708  19570806
  19600912  19601011
  19620413  19620512
  19621117  19621216
  19630913  19631012
  19650416  19650515
  19660215  19660316
  19660522  19660620
  19670516  19670614
  19690130  19690228
  19760401  19760430
  19770504  19770602
  19820325  19820423
  19820927  19821026
  19880524  19880622
  19891120  19891219
  19910422  19910521
  19950806  19950904
  19981008  19981106
  19990524  19990622
  20001021  20001119
  20070426  20070525
  20150415  20150514
