  19160122  19160220
  19170511  19170609
  19170906  19171005
  19180616  19180715
  19210103  19210201
  19211028  19211126
  19250116  19250214
  19300518  19300616
  19310520  19310618
  19320307  19320405
  19390226  19390327
  19440612  19440711
  19510401  19510430
  19530224  19530325
  19530826  19530924
  19540110  19540208
  19540512  19540610
  19551201  19551230
  19561220  19570118
  19581115  19581214
  19620114  19620212
  19630224  19630325
  19650308  19650406
  19751225  19760123
  19760722  19760820
  19780926  19781025
  19801201  19801230
  19810205  19810306
  19811108  19811207
  19890906  19891005
  19980428  19980527
  19990110  19990208
  20020408  20020507
  20030407  20030506
  20050331  20050429
  20100325  20100423
  20110905  20111004
  20121021  20121119
  20160916  20161015
