  19161024  19161122
  19241004  19241102
  19260408  19260507
  19300628  19300727
  19310926  19311025
  19340109  19340207
  19340419  19340518
  19360410  19360509
  19390409  19390508
  19391102  19391201
  19410406  19410505
  19410822  19410920
  19460309  19460407
  19461031  19461129
  19470902  19471001
  19480803  19480901
  19510702  19510731
  19530906  19531005
  19531215  19540113
  19550612  19550711
  19551124  19551223
  19570702  19570731
  19610829  19610927
  19630312  19630410
  19640804  19640902
  19650508  19650606
  19660511  19660609
  19690131  19690301
  19710513  19710611
  19761207  19770105
  19770424  19770523
  19781014  19781112
  19800114  19800212
  19801203  19810101
  19840825  19840923
  19880218  19880318
  19880519  19880617
  19891116  19891215
  19900206  19900307
  19910422  19910521
  19950309  19950407
  19981010  19981108
  19990420  19990519
  20001007  20001105
  20011015  20011113
  20020609  20020708
  20060218  20060319
  20070425  20070524
  20090211  20090312
  20101214  20110112
  20120217  20120317
