  19180202  19180303
  19210806  19210904
  19250715  19250813
  19260414  19260513
  19260902  19261001
  19271215  19280113
  19310109  19310207
  19310811  19310909
  19330226  19330327
  19330908  19331007
  19350109  19350207
  19371230  19380128
  19400911  19401010
  19410405  19410504
  19420926  19421025
  19491215  19500113
  19510108  19510206
  19510419  19510518
  19540113  19540211
  19540627  19540726
  19551126  19551225
  19581021  19581119
  19600513  19600611
  19610901  19610930
  19630709  19630807
  19670922  19671021
  19680121  19680219
  19740917  19741016
  19760316  19760414
  19770324  19770422
  19780901  19780930
  19800625  19800724
  19810822  19810920
  19840816  19840914
  19850215  19850316
  19870423  19870522
  19900529  19900627
  19950318  19950416
  19980601  19980630
  19990711  19990809
  20010322  20010420
  20020607  20020706
  20031210  20040108
  20040216  20040316
  20060226  20060327
  20100315  20100413
  20170131  20170301
  20180129  20180227
