  19161020  19161118
  19171118  19171217
  19221010  19221108
  19250506  19250604
  19260408  19260507
  19300407  19300506
  19310923  19311022
  19331022  19331120
  19360409  19360508
  19410405  19410504
  19410826  19410924
  19430713  19430811
  19530906  19531005
  19551119  19551218
  19570405  19570504
  19610908  19611007
  19620704  19620802
  19630315  19630413
  19630610  19630709
  19640427  19640526
  19640722  19640820
  19650412  19650511
  19651008  19651106
  19660507  19660605
  19680313  19680411
  19690920  19691019
  19760131  19760229
  19760401  19760430
  19761213  19770111
  19770404  19770503
  19800115  19800213
  19801125  19801224
  19830629  19830728
  19860416  19860515
  19870630  19870729
  19891117  19891216
  19910422  19910521
  19950309  19950407
  19970602  19970701
  19990418  19990517
  20001006  20001104
  20010927  20011026
  20060209  20060310
  20070425  20070524
  20070824  20070922
  20090116  20090214
  20101210  20110108
  20120301  20120330
  20160930  20161029
  20170124  20170222
  20171113  20171212
