  19171106  19171205
  19180130  19180228
  19210212  19210313
  19220809  19220907
  19230902  19231001
  19250206  19250307
  19260403  19260502
  19261225  19270123
  19310105  19310203
  19310513  19310611
  19330910  19331009
  19350902  19351001
  19360417  19360516
  19380906  19381005
  19410103  19410201
  19410405  19410504
  19410822  19410920
  19470414  19470513
  19501207  19510105
  19530926  19531025
  19540603  19540702
  19560501  19560530
  19601105  19601204
  19630929  19631028
  19651122  19651221
  19670221  19670322
  19770618  19770717
  19780911  19781010
  19800705  19800803
  19801124  19801223
  19810220  19810321
  19830620  19830719
  19840817  19840915
  19850207  19850308
  19851207  19860105
  19870912  19871011
  19880123  19880221
  19910926  19911025
  19930512  19930610
  19950302  19950331
  19980613  19980712
  19990707  19990805
  20000503  20000601
  20010330  20010428
  20011014  20011112
  20031206  20040104
  20040207  20040307
  20060120  20060218
  20070302  20070331
  20090622  20090721
  20160219  20160319
  20160820  20160918
  20170123  20170221
