  19170505  19170603
  19180130  19180228
  19210515  19210613
  19240717  19240815
  19250206  19250307
  19270322  19270420
  19300322  19300420
  19310520  19310618
  19311008  19311106
  19320222  19320322
  19330427  19330526
  19350912  19351011
  19371223  19380121
  19380903  19381002
  19410321  19410419
  19520601  19520630
  19521009  19521107
  19550206  19550307
  19560705  19560803
  19561224  19570122
  19570711  19570809
  19630227  19630328
  19630928  19631027
  19670210  19670311
  19680101  19680130
  19720308  19720406
  19720710  19720808
  19770423  19770522
  19801124  19801223
  19840824  19840922
  19841128  19841227
  19850213  19850314
  19860314  19860412
  19870912  19871011
  19890101  19890130
  19890721  19890819
  19900714  19900812
  19970807  19970905
  19991221  20000119
  20040220  20040320
  20060226  20060327
  20060512  20060610
  20110405  20110504
  20160905  20161004
  20171209  20180107
