  19160118  19160216
  19180122  19180220
  19210119  19210217
  19210731  19210829
  19220315  19220413
  19240713  19240811
  19270813  19270911
  19310513  19310611
  19310729  19310827
  19331207  19340105
  19351009  19351107
  19430924  19431023
  19450206  19450307
  19491205  19500103
  19540709  19540807
  19550207  19550308
  19551119  19551218
  19560704  19560802
  19561108  19561207
  19610830  19610928
  19620404  19620503
  19670303  19670401
  19670823  19670921
  19680313  19680411
  19720825  19720923
  19731222  19740120
  19760201  19760301
  19770313  19770411
  19770920  19771019
  19780801  19780830
  19810831  19810929
  19850206  19850307
  19870904  19871003
  19880521  19880619
  19881211  19890109
  19911008  19911106
  19970730  19970828
  19980423  19980522
  19981027  19981125
  20010324  20010422
  20011004  20011102
  20070302  20070331
  20111212  20120110
  20121002  20121031
  20161004  20161102
  20170123  20170221
