  19180514  19180612
  19240930  19241029
  19250314  19250412
  19280725  19280823
  19300417  19300516
  19301009  19301107
  19340416  19340515
  19360501  19360530
  19371024  19371122
  19380914  19381013
  19390414  19390513
  19390822  19390920
  19440605  19440704
  19441003  19441101
  19460307  19460405
  19460819  19460917
  19530523  19530621
  19530802  19530831
  19560829  19560927
  19600919  19601018
  19630803  19630901
  19640712  19640810
  19730823  19730921
  19740617  19740716
  19770424  19770523
  19830805  19830903
  19850329  19850427
  19880404  19880503
  19940501  19940530
  19940814  19940912
  19991010  19991108
  20020604  20020703
  20040308  20040406
  20070427  20070526
  20120502  20120531
