  19171114  19171213
  19180626  19180725
  19241001  19241030
  19250224  19250325
  19300318  19300416
  19360408  19360507
  19390417  19390516
  19390814  19390912
  19391028  19391126
  19430819  19430917
  19440603  19440702
  19441021  19441119
  19470128  19470226
  19490417  19490516
  19510629  19510728
  19551124  19551223
  19561005  19561103
  19620331  19620429
  19630913  19631012
  19650415  19650514
  19660211  19660312
  19660515  19660613
  19670520  19670618
  19690202  19690303
  19710227  19710328
  19711003  19711101
  19760321  19760419
  19820327  19820425
  19830202  19830303
  19850824  19850922
  19860227  19860328
  19870702  19870731
  19910416  19910515
  19940929  19941028
  19950217  19950318
  19950806  19950904
  19990420  19990519
  20020711  20020809
  20070414  20070513
  20080828  20080926
  20120229  20120329
  20120517  20120615
  20130309  20130407
  20150410  20150509
