  19200827  19200925
  19210902  19211001
  19220825  19220923
  19300511  19300609
  19350831  19350929
  19370719  19370817
  19520821  19520919
  19540420  19540519
  19540904  19541003
  19560530  19560628
  19600428  19600527
  19610526  19610624
  19640829  19640927
  19660430  19660529
  19690812  19690910
  19770518  19770616
  19790820  19790918
  19850402  19850501
  19860609  19860708
  19880507  19880605
  19940412  19940511
  20000721  20000819
  20010421  20010520
  20010908  20011007
  20030921  20031020
  20040409  20040508
  20060509  20060607
  20100902  20101001
  20160524  20160622
