  19170507  19170605
  19200817  19200915
  19201211  19210109
  19211207  19220105
  19241005  19241103
  19271002  19271031
  19280602  19280701
  19290918  19291017
  19340525  19340623
  19380901  19380930
  19500714  19500812
  19500926  19501025
  19520103  19520201
  19520911  19521010
  19530514  19530612
  19541120  19541219
  19610913  19611012
  19661026  19661124
  19670602  19670701
  19751103  19751202
  19790912  19791011
  19830323  19830421
  19840801  19840830
  19890429  19890528
  19890825  19890923
  19900516  19900614
  19920914  19921013
  19930911  19931010
  19960125  19960223
  19980418  19980517
  20090603  20090702
  20101002  20101031
  20120511  20120609
  20121012  20121110
