  19161019  19161117
  19170325  19170423
  19180212  19180313
  19210428  19210527
  19240924  19241023
  19250326  19250424
  19260402  19260501
  19300313  19300411
  19310828  19310926
  19351116  19351215
  19360324  19360422
  19360703  19360801
  19380914  19381013
  19410124  19410222
  19420413  19420512
  19440615  19440714
  19520401  19520430
  19530722  19530820
  19540603  19540702
  19580506  19580604
  19620418  19620517
  19630305  19630403
  19630829  19630927
  19650405  19650504
  19651003  19651101
  19660210  19660311
  19690428  19690527
  19760315  19760413
  19780901  19780930
  19851205  19860103
  19870414  19870513
  19880401  19880430
  19890329  19890427
  19920327  19920425
  19981008  19981106
  19990703  19990801
  19991214  20000112
  20040212  20040312
  20070213  20070314
  20070414  20070513
  20100911  20101010
  20120309  20120407
