  19161019  19161117
  19210227  19210328
  19230521  19230619
  19250823  19250921
  19300407  19300506
  19310924  19311023
  19320716  19320814
  19331026  19331124
  19360410  19360509
  19410405  19410504
  19410827  19410925
  19430710  19430808
  19440104  19440202
  19491103  19491202
  19551122  19551221
  19570405  19570504
  19601110  19601209
  19620613  19620712
  19630315  19630413
  19640428  19640527
  19650406  19650505
  19651007  19651105
  19660528  19660626
  19680317  19680415
  19760201  19760301
  19761210  19770108
  19800118  19800216
  19801125  19801224
  19811027  19811125
  19830722  19830820
  19850212  19850313
  19860417  19860516
  19860822  19860920
  19880524  19880622
  19910424  19910523
  19950309  19950407
  19970609  19970708
  19990413  19990512
  20000930  20001029
  20010926  20011025
  20060209  20060310
  20070425  20070524
  20070822  20070920
  20090114  20090212
  20101205  20110103
  20110508  20110606
  20120301  20120330
  20130808  20130906
  20160302  20160331
  20160930  20161029
  20171109  20171208
