  19161021  19161119
  19171028  19171126
  19210505  19210603
  19241003  19241101
  19250511  19250609
  19250731  19250829
  19300325  19300423
  19320426  19320525
  19320717  19320815
  19340327  19340425
  19340929  19341028
  19360408  19360507
  19370206  19370307
  19390416  19390515
  19390802  19390831
  19400628  19400727
  19410127  19410225
  19430906  19431005
  19440526  19440624
  19470202  19470303
  19490418  19490517
  19510701  19510730
  19521011  19521109
  19530723  19530821
  19551202  19551231
  19600228  19600328
  19620406  19620505
  19630309  19630407
  19630904  19631003
  19640419  19640518
  19640929  19641028
  19650414  19650513
  19660211  19660312
  19660514  19660612
  19670526  19670624
  19690130  19690228
  19710228  19710329
  19760321  19760419
  19780109  19780207
  19820331  19820429
  19820905  19821004
  19830202  19830303
  19830724  19830822
  19860228  19860329
  19870714  19870812
  19910423  19910522
  19910927  19911026
  19930701  19930730
  19950217  19950318
  19990301  19990330
  20070414  20070513
  20080828  20080926
  20100815  20100913
  20150411  20150510
