  19211212  19220110
  19220522  19220620
  19230105  19230203
  19231017  19231115
  19250604  19250703
  19260208  19260309
  19280425  19280524
  19310331  19310429
  19340505  19340603
  19350508  19350606
  19360111  19360209
  19380428  19380527
  19390316  19390414
  19400425  19400524
  19450610  19450709
  19481213  19490111
  19490507  19490605
  19510526  19510624
  19560326  19560424
  19580417  19580516
  19630501  19630530
  19650215  19650316
  19730316  19730414
  19750228  19750329
  19770306  19770404
  19790221  19790322
  19841219  19850117
  19920426  19920525
  19980324  19980422
  20010204  20010305
  20021003  20021101
  20040307  20040405
  20090107  20090205
  20130624  20130723
  20140509  20140607
  20150412  20150511
  20160405  20160504
  20170615  20170714
  20180424  20180523
