  19161019  19161117
  19171027  19171125
  19200920  19201019
  19210303  19210401
  19220902  19221001
  19230908  19231007
  19241007  19241105
  19250224  19250325
  19250511  19250609
  19250722  19250820
  19260407  19260506
  19280920  19281019
  19311009  19311107
  19360402  19360501
  19380913  19381012
  19390419  19390518
  19410405  19410504
  19410830  19410928
  19431109  19431208
  19460309  19460407
  19460806  19460904
  19461026  19461124
  19470906  19471005
  19510906  19511005
  19530810  19530908
  19570404  19570503
  19620408  19620507
  19630904  19631003
  19650415  19650514
  19651008  19651106
  19660515  19660613
  19690130  19690228
  19760404  19760503
  19761222  19770120
  19780109  19780207
  19801210  19810108
  19820404  19820503
  19820929  19821028
  19830701  19830730
  19880524  19880622
  19900203  19900304
  19910417  19910516
  19950219  19950320
  19950806  19950904
  19981008  19981106
  20001020  20001118
  20010930  20011029
  20060218  20060319
  20070426  20070525
  20080915  20081014
  20150414  20150513
