  19200720  19200818
  19320510  19320608
  19330529  19330627
  19340405  19340504
  19360601  19360630
  19460401  19460430
  19470626  19470725
  19520901  19520930
  19530902  19531001
  19560916  19561015
  19600226  19600326
  19660606  19660705
  19690730  19690828
  19700305  19700403
  19720426  19720525
  19760513  19760611
  19860428  19860527
  19870215  19870316
  19890326  19890424
  19890905  19891004
  19940219  19940320
  19980411  19980510
  20030801  20030830
  20060517  20060615
  20070410  20070509
  20080721  20080819
  20100303  20100401
