  19240928  19241027
  19250314  19250412
  19300402  19300501
  19320430  19320529
  19360429  19360528
  19380914  19381013
  19390819  19390917
  19400624  19400723
  19440603  19440702
  19460305  19460403
  19460818  19460916
  19530802  19530831
  19590518  19590616
  19600209  19600309
  19620313  19620411
  19621117  19621216
  19650411  19650510
  19660218  19660319
  19740623  19740722
  19760306  19760404
  19770504  19770602
  19820330  19820428
  19830204  19830305
  19830710  19830808
  19850613  19850712
  19880407  19880506
  19910904  19911003
  19940502  19940531
  19970910  19971009
  19990418  19990517
  20020614  20020713
  20070517  20070615
  20080913  20081012
  20120501  20120530
  20180410  20180509
