  19171030  19171128
  19210430  19210529
  19240926  19241025
  19250309  19250407
  19270312  19270410
  19300814  19300912
  19320412  19320511
  19340421  19340520
  19350914  19351013
  19390420  19390519
  19410317  19410415
  19431209  19440107
  19440418  19440517
  19450715  19450813
  19470914  19471013
  19480814  19480912
  19490221  19490322
  19520602  19520701
  19521004  19521102
  19550816  19550914
  19551107  19551206
  19570225  19570326
  19570916  19571015
  19581127  19581226
  19590411  19590510
  19601222  19610120
  19610711  19610809
  19650302  19650331
  19680705  19680803
  19711010  19711108
  19750406  19750505
  19761103  19761202
  19770611  19770710
  19780724  19780822
  19810216  19810317
  19850224  19850325
  19860925  19861024
  19880220  19880320
  19891108  19891207
  19930607  19930706
  19950724  19950822
  19970916  19971015
  19990329  19990427
  20010326  20010424
  20010711  20010809
  20020704  20020802
  20060222  20060323
  20120224  20120324
  20130301  20130330
  20130926  20131025
  20160817  20160915
