  19160722  19160820
  19210424  19210523
  19210812  19210910
  19220901  19220930
  19230523  19230621
  19240927  19241026
  19260210  19260311
  19270308  19270406
  19320414  19320513
  19331027  19331125
  19410220  19410321
  19410901  19410930
  19460302  19460331
  19480807  19480905
  19500903  19501002
  19521007  19521105
  19530519  19530617
  19561007  19561105
  19570227  19570328
  19590401  19590430
  19610827  19610925
  19630814  19630912
  19640823  19640921
  19660306  19660404
  19710515  19710613
  19710924  19711023
  19730921  19731020
  19770424  19770523
  19781018  19781116
  19860322  19860420
  19870331  19870429
  19880521  19880619
  19930611  19930710
  19940926  19941025
  19950304  19950402
  19990318  19990416
  20010705  20010803
  20010926  20011025
  20020715  20020813
  20160817  20160915
  20170826  20170924
