  19171021  19171119
  19180215  19180316
  19180430  19180529
  19210120  19210218
  19230904  19231003
  19250211  19250312
  19261215  19270113
  19300408  19300507
  19310507  19310605
  19310809  19310907
  19330906  19331005
  19350921  19351020
  19371223  19380121
  19400819  19400917
  19401228  19410126
  19461113  19461212
  19540104  19540202
  19550207  19550308
  19551126  19551225
  19561224  19570122
  19601022  19601120
  19610910  19611009
  19620412  19620511
  19670214  19670315
  19680102  19680131
  19720829  19720927
  19730919  19731018
  19770406  19770505
  19780804  19780902
  19800702  19800731
  19801124  19801223
  19840825  19840923
  19850209  19850310
  19860314  19860412
  19881128  19881227
  19900721  19900819
  19910831  19910929
  20011014  20011112
  20040218  20040318
  20060510  20060608
  20070216  20070317
  20081229  20090127
  20110405  20110504
  20121004  20121102
  20160906  20161005
