  19160627  19160726
  19220805  19220903
  19330525  19330623
  19340504  19340602
  19380831  19380929
  19430701  19430730
  19480903  19481002
  19520605  19520704
  19530518  19530616
  19530904  19531003
  19551005  19551103
  19620411  19620510
  19630912  19631011
  19640511  19640609
  19660831  19660929
  19720212  19720312
  19780626  19780725
  19800619  19800718
  19830808  19830906
  19870329  19870427
  19880411  19880510
  20050412  20050511
  20060509  20060607
  20120419  20120518
