  19160529  19160627
  19190428  19190527
  19220826  19220924
  19320828  19320926
  19330927  19331026
  19340503  19340601
  19360729  19360827
  19370906  19371005
  19390416  19390515
  19430731  19430829
  19440827  19440925
  19480817  19480915
  19530825  19530923
  19560316  19560414
  19560817  19560915
  19600705  19600803
  19660419  19660518
  19770826  19770924
  19940430  19940529
  20030916  20031015
  20060324  20060422
  20100809  20100907
  20120325  20120423
  20120708  20120806
  20150822  20150920
  20161012  20161110
