  19171030  19171128
  19210212  19210313
  19221010  19221108
  19250209  19250310
  19250512  19250610
  19260413  19260512
  19280208  19280308
  19300406  19300505
  19310926  19311025
  19320711  19320809
  19330831  19330929
  19340416  19340515
  19380920  19381019
  19410405  19410504
  19410903  19411002
  19420309  19420407
  19450217  19450318
  19580921  19581020
  19630312  19630410
  19640420  19640519
  19650708  19650806
  19651007  19651105
  19660505  19660603
  19680317  19680415
  19690312  19690410
  19691002  19691031
  19700504  19700602
  19760129  19760227
  19761226  19770124
  19770405  19770504
  19850206  19850307
  19860315  19860413
  19870704  19870802
  19880204  19880304
  19880519  19880617
  19910814  19910912
  19950219  19950320
  19990515  19990613
  20000929  20001028
  20010927  20011026
  20020514  20020612
  20020715  20020813
  20060205  20060306
  20101209  20110107
  20170123  20170221
  20171117  20171216
