  19190513  19190611
  19200718  19200816
  19230518  19230616
  19241006  19241104
  19290714  19290812
  19360428  19360527
  19380926  19381025
  19390827  19390925
  19441005  19441103
  19460307  19460405
  19460618  19460717
  19480730  19480828
  19491012  19491110
  19520902  19521001
  19530522  19530620
  19530804  19530902
  19560822  19560920
  19600919  19601018
  19620502  19620531
  19640927  19641026
  19650417  19650516
  19660609  19660708
  19660821  19660919
  19690803  19690901
  19740618  19740717
  19760728  19760826
  19790818  19790916
  19850327  19850425
  19880423  19880522
  19920420  19920519
  19980428  19980527
  20020822  20020920
  20050308  20050406
  20120601  20120630
