  19180131  19180301
  19210210  19210311
  19250210  19250311
  19261214  19270112
  19270310  19270408
  19310524  19310622
  19310814  19310912
  19350517  19350615
  19371223  19380121
  19380727  19380825
  19391003  19391101
  19400822  19400920
  19401228  19410126
  19491216  19500114
  19501230  19510128
  19540105  19540203
  19540604  19540703
  19550206  19550307
  19551125  19551224
  19560503  19560601
  19560716  19560814
  19561223  19570121
  19610910  19611009
  19670215  19670316
  19680109  19680207
  19731001  19731030
  19770406  19770505
  19780915  19781014
  19800625  19800724
  19801124  19801223
  19810401  19810430
  19840814  19840912
  19850207  19850308
  19850513  19850611
  19870913  19871012
  19910910  19911009
  19950307  19950405
  19970226  19970327
  19980605  19980704
  20020518  20020616
  20040215  20040315
  20060511  20060609
  20080511  20080609
  20090619  20090718
  20101201  20101230
  20121002  20121031
  20160607  20160706
  20160903  20161002
  20170203  20170304
