  19160122  19160220
  19201228  19210126
  19240615  19240714
  19250125  19250223
  19261210  19270108
  19310507  19310605
  19330726  19330824
  19350910  19351009
  19360831  19360929
  19380911  19381010
  19390221  19390322
  19520919  19521018
  19530821  19530919
  19550205  19550306
  19551202  19551231
  19581104  19581203
  19600506  19600604
  19601030  19601128
  19620116  19620214
  19630221  19630322
  19650225  19650326
  19670206  19670307
  19720530  19720628
  19760805  19760903
  19770508  19770606
  19780928  19781027
  19801206  19810104
  19810211  19810312
  19900531  19900629
  19950803  19950901
  19960126  19960224
  19960423  19960522
  19970805  19970903
  19980429  19980528
  19990109  19990207
  19990330  19990428
  19991019  19991117
  20010322  20010420
  20020409  20020508
  20050924  20051023
  20090301  20090330
  20110330  20110428
  20110927  20111026
  20160913  20161012
  20171016  20171114
