  19160316  19160414
  19190625  19190724
  19210502  19210531
  19240925  19241024
  19250313  19250411
  19320213  19320313
  19330521  19330619
  19360428  19360527
  19390812  19390910
  19400628  19400727
  19440602  19440701
  19441005  19441103
  19460228  19460329
  19480506  19480604
  19490403  19490502
  19520919  19521018
  19530802  19530831
  19550721  19550819
  19560901  19560930
  19600919  19601018
  19630821  19630919
  19640718  19640816
  19651023  19651121
  19670604  19670703
  19710228  19710329
  19760312  19760410
  19770506  19770604
  19771219  19780117
  19870415  19870514
  19880402  19880501
  19920417  19920516
  19970909  19971008
  20070413  20070512
  20100911  20101010
  20120502  20120531
  20150919  20151018
  20170719  20170817
