  19161022  19161120
  19180214  19180315
  19190624  19190723
  19210427  19210526
  19250302  19250331
  19260408  19260507
  19300402  19300501
  19320426  19320525
  19360328  19360426
  19370208  19370309
  19390810  19390908
  19400702  19400731
  19410124  19410222
  19410830  19410928
  19440501  19440530
  19441006  19441104
  19460307  19460405
  19490416  19490515
  19510410  19510509
  19520401  19520430
  19530723  19530821
  19540603  19540702
  19541021  19541119
  19621113  19621212
  19630308  19630406
  19630908  19631007
  19640425  19640524
  19650407  19650506
  19651018  19651116
  19660210  19660311
  19660604  19660703
  19720511  19720609
  19770424  19770523
  19780108  19780206
  19800703  19800801
  19801209  19810107
  19820406  19820505
  19820928  19821027
  19830725  19830823
  19860312  19860410
  19870402  19870501
  19870804  19870902
  19880419  19880518
  19950216  19950317
  19951111  19951210
  19991011  19991109
  20010313  20010411
  20050926  20051025
  20070424  20070523
  20070711  20070809
  20100910  20101009
  20120309  20120407
  20140702  20140731
