  19190810  19190908
  19290523  19290621
  19300625  19300724
  19350822  19350920
  19370801  19370830
  19380810  19380908
  19400823  19400921
  19450526  19450624
  19490802  19490831
  19520402  19520501
  19520714  19520812
  19610505  19610603
  19670724  19670822
  19730617  19730716
  19740529  19740627
  19760626  19760725
  19820722  19820820
  19830630  19830729
  19840716  19840814
  19920408  19920507
  20030716  20030814
  20090601  20090630
  20120808  20120906
  20130608  20130707
  20150823  20150921
  20170613  20170712
