  19200919  19201018
  19210428  19210527
  19240922  19241021
  19250223  19250324
  19260331  19260429
  19300310  19300408
  19300520  19300618
  19310826  19310924
  19340304  19340402
  19350705  19350803
  19360327  19360425
  19380905  19381004
  19420327  19420425
  19440524  19440622
  19510419  19510518
  19530520  19530618
  19530722  19530820
  19540530  19540628
  19550813  19550911
  19581119  19581218
  19630911  19631010
  19650326  19650424
  19651011  19651109
  19660212  19660313
  19670228  19670329
  19770422  19770521
  19780623  19780722
  19800725  19800823
  19801129  19801228
  19830720  19830818
  19850210  19850311
  19851201  19851230
  19870326  19870424
  19870702  19870731
  19880202  19880302
  19880419  19880518
  19990710  19990808
  20070301  20070330
  20070711  20070809
  20120309  20120407
  20160827  20160925
