  19190624  19190723
  19210425  19210524
  19220508  19220606
  19240921  19241020
  19250318  19250416
  19300402  19300501
  19330519  19330617
  19340326  19340424
  19340929  19341028
  19360402  19360501
  19380914  19381013
  19390803  19390901
  19400703  19400801
  19420911  19421010
  19430730  19430828
  19441005  19441103
  19460301  19460330
  19460830  19460928
  19480507  19480605
  19490404  19490503
  19520623  19520722
  19521010  19521108
  19530808  19530906
  19540604  19540703
  19580123  19580221
  19590402  19590501
  19600229  19600329
  19630313  19630411
  19630813  19630911
  19640708  19640806
  19651023  19651121
  19760321  19760419
  19780108  19780206
  19830619  19830718
  19860312  19860410
  19870401  19870430
  19870718  19870816
  19880406  19880505
  19970901  19970930
  19990702  19990731
  20010222  20010323
  20070426  20070525
  20100806  20100904
  20120508  20120606
