  19170709  19170807
  19180918  19181017
  19210228  19210329
  19210804  19210902
  19220831  19220929
  19230503  19230601
  19240930  19241029
  19260308  19260406
  19270222  19270323
  19281020  19281118
  19300913  19301012
  19310906  19311005
  19380223  19380324
  19390429  19390528
  19391105  19391204
  19410318  19410416
  19410827  19410925
  19420326  19420424
  19430705  19430803
  19461010  19461108
  19480822  19480920
  19490515  19490613
  19530814  19530912
  19550330  19550428
  19551122  19551221
  19570409  19570508
  19600406  19600505
  19630310  19630408
  19640426  19640525
  19640708  19640806
  19641009  19641107
  19650411  19650510
  19651005  19651103
  19660216  19660317
  19680724  19680822
  19700823  19700921
  19710521  19710619
  19760222  19760322
  19801124  19801223
  19830618  19830717
  19841002  19841031
  19860416  19860515
  19880521  19880619
  19900131  19900301
  19910422  19910521
  19950308  19950406
  19980626  19980725
  20020629  20020728
  20060208  20060309
  20090128  20090226
  20100714  20100812
  20120229  20120329
