  19160124  19160222
  19161018  19161116
  19170420  19170519
  19180130  19180228
  19210104  19210202
  19220823  19220921
  19240623  19240722
  19250209  19250310
  19271229  19280127
  19300319  19300417
  19300521  19300619
  19310916  19311015
  19330830  19330928
  19350911  19351010
  19360924  19361023
  19370627  19370726
  19380912  19381011
  19391028  19391126
  19470624  19470723
  19491021  19491119
  19510619  19510718
  19511220  19520118
  19530826  19530924
  19540107  19540205
  19540717  19540815
  19541104  19541203
  19550205  19550306
  19550811  19550909
  19551202  19551231
  19600506  19600604
  19620803  19620901
  19630224  19630325
  19650309  19650407
  19680105  19680203
  19690519  19690617
  19770428  19770527
  19780927  19781026
  19800721  19800819
  19801202  19801231
  19841127  19841226
  19860101  19860130
  19870918  19871017
  19880408  19880507
  19900713  19900811
  19990314  19990412
  19991221  20000119
  20000413  20000512
  20000628  20000727
  20010404  20010503
  20040226  20040326
  20050925  20051024
  20070205  20070306
  20090524  20090622
  20100823  20100921
  20110316  20110414
  20160912  20161011
  20170119  20170217
