  19180428  19180527
  19260823  19260921
  19300302  19300331
  19300527  19300625
  19310822  19310920
  19321006  19321104
  19330524  19330622
  19360409  19360508
  19360714  19360812
  19410423  19410522
  19420829  19420927
  19520918  19521017
  19530919  19531018
  19540506  19540604
  19590409  19590508
  19600304  19600402
  19630904  19631003
  19640511  19640609
  19650325  19650423
  19651028  19651126
  19660210  19660311
  19660518  19660616
  19661024  19661122
  19670220  19670321
  19720302  19720331
  19770421  19770520
  19780301  19780330
  19800722  19800820
  19811108  19811207
  19870324  19870422
  19880405  19880504
  19891107  19891206
  19981006  19981104
  19990716  19990814
  19991213  20000111
  20010423  20010522
  20050408  20050507
  20050925  20051024
  20100909  20101008
  20161014  20161112
