  19170430  19170529
  19170712  19170810
  19260711  19260809
  19290813  19290911
  19300702  19300731
  19330707  19330805
  19340624  19340723
  19370814  19370912
  19400517  19400615
  19500716  19500814
  19580713  19580811
  19610506  19610604
  19630823  19630921
  19670608  19670707
  19700609  19700708
  19750630  19750729
  19760810  19760908
  19800330  19800428
  19840808  19840906
  19890625  19890724
  19900617  19900716
  20030719  20030817
  20060518  20060616
  20120807  20120905
