  19170806  19170904
  19180726  19180824
  19241008  19241106
  19330926  19331025
  19361004  19361102
  19370802  19370831
  19380911  19381010
  19390801  19390830
  19400817  19400915
  19520901  19520930
  19530903  19531002
  19550927  19551026
  19560905  19561004
  19580921  19581020
  19631003  19631101
  19641002  19641031
  19660410  19660509
  19710712  19710810
  19740601  19740630
  19750905  19751004
  19760523  19760621
  19790827  19790925
  19910913  19911012
  19990907  19991006
  20000820  20000918
  20020528  20020626
