  19160127  19160225
  19211005  19211103
  19240619  19240718
  19271229  19280127
  19300602  19300701
  19360204  19360304
  19360705  19360803
  19540521  19540619
  19551204  19560102
  19560504  19560602
  19560901  19560930
  19581118  19581217
  19621121  19621220
  19650331  19650429
  19660524  19660622
  19710516  19710614
  19770502  19770531
  19780608  19780707
  19801126  19801225
  19811028  19811126
  19860204  19860305
  19880405  19880504
  19980428  19980527
  19990722  19990820
  20020410  20020509
  20050927  20051026
  20121027  20121125
  20170121  20170219
