  19171030  19171128
  19210212  19210313
  19221010  19221108
  19250223  19250324
  19250706  19250804
  19260412  19260511
  19300319  19300417
  19310926  19311025
  19320803  19320901
  19340416  19340515
  19360401  19360430
  19380915  19381014
  19390418  19390517
  19410405  19410504
  19410830  19410928
  19420307  19420405
  19450301  19450330
  19460802  19460831
  19510906  19511005
  19520926  19521025
  19570404  19570503
  19620402  19620501
  19630306  19630404
  19630909  19631008
  19640414  19640513
  19650421  19650520
  19650711  19650809
  19651023  19651121
  19660508  19660606
  19680316  19680414
  19760401  19760430
  19761224  19770122
  19780109  19780207
  19780901  19780930
  19820405  19820504
  19830724  19830822
  19860226  19860327
  19880203  19880303
  19880519  19880617
  19910424  19910523
  19940907  19941006
  19950217  19950318
  19990306  19990404
  20001003  20001101
  20010925  20011024
  20020714  20020812
  20060127  20060225
  20150421  20150520
