  19170915  19171014
  19200829  19200927
  19210909  19211008
  19220829  19220927
  19330907  19331006
  19340407  19340506
  19350907  19351006
  19360802  19360831
  19530902  19531001
  19540905  19541004
  19560529  19560627
  19560913  19561012
  19580919  19581018
  19600504  19600602
  19610603  19610702
  19640919  19641018
  19660428  19660527
  19770506  19770604
  19880507  19880605
  19880915  19881014
  19910911  19911010
  19940412  19940511
  20030916  20031015
  20040410  20040509
  20060424  20060523
  20100923  20101022
