  19230907  19231006
  19241008  19241106
  19250212  19250313
  19260408  19260507
  19280922  19281021
  19290630  19290729
  19300407  19300506
  19300621  19300720
  19310926  19311025
  19360409  19360508
  19390419  19390518
  19391107  19391206
  19410827  19410925
  19460309  19460407
  19510906  19511005
  19530912  19531011
  19551119  19551218
  19610901  19610930
  19641003  19641101
  19660221  19660322
  19660509  19660607
  19690131  19690301
  19760401  19760430
  19761213  19770111
  19780108  19780206
  19800114  19800212
  19830710  19830808
  19860416  19860515
  19860712  19860810
  19891116  19891215
  19900204  19900305
  19940511  19940609
  19950308  19950406
  19950804  19950902
  19970309  19970407
  19981008  19981106
  19990420  19990519
  20010926  20011025
  20020607  20020706
  20050330  20050428
  20060129  20060227
  20081006  20081104
  20101216  20110114
  20110603  20110702
  20120301  20120330
  20160304  20160402
  20160617  20160716
  20161010  20161108
