  19180429  19180528
  19210502  19210531
  19240630  19240729
  19270621  19270720
  19280910  19281009
  19300528  19300626
  19310105  19310203
  19330506  19330604
  19340303  19340401
  19340623  19340722
  19350622  19350721
  19360207  19360307
  19380108  19380206
  19380918  19381017
  19401222  19410120
  19411223  19420121
  19430418  19430517
  19540513  19540611
  19550809  19550907
  19551204  19560102
  19581120  19581219
  19600518  19600616
  19650405  19650504
  19780703  19780801
  19800728  19800826
  19801202  19801231
  19810702  19810731
  19850211  19850312
  19851212  19860110
  19860630  19860729
  19870326  19870424
  19900803  19900901
  19911207  19920105
  20000412  20000511
  20040226  20040326
  20060512  20060610
  20070302  20070331
  20070710  20070808
  20100818  20100916
  20150704  20150802
  20160912  20161011
