  19180920  19181019
  19210227  19210328
  19210803  19210901
  19220902  19221001
  19230521  19230619
  19241007  19241105
  19300407  19300506
  19310926  19311025
  19331028  19331126
  19360412  19360511
  19390428  19390527
  19391105  19391204
  19410405  19410504
  19430709  19430807
  19440104  19440202
  19461012  19461110
  19491106  19491205
  19540509  19540607
  19551120  19551219
  19570402  19570501
  19630309  19630407
  19640425  19640524
  19641003  19641101
  19650404  19650503
  19651007  19651105
  19660529  19660627
  19680312  19680410
  19700823  19700921
  19801124  19801223
  19830722  19830820
  19850212  19850313
  19860417  19860516
  19910423  19910522
  19980818  19980916
  20050809  20050907
  20060213  20060314
  20070821  20070919
  20090114  20090212
  20110507  20110605
  20120229  20120329
  20171108  20171207
