  19160408  19160507
  19221013  19221111
  19250211  19250312
  19250511  19250609
  19260412  19260511
  19300406  19300505
  19310902  19311001
  19340409  19340508
  19360403  19360502
  19390406  19390505
  19401114  19401213
  19410405  19410504
  19410903  19411002
  19420306  19420404
  19431109  19431208
  19530906  19531005
  19540721  19540819
  19570404  19570503
  19590601  19590630
  19620331  19620429
  19630305  19630403
  19630929  19631028
  19640409  19640508
  19651022  19651120
  19660508  19660606
  19670226  19670327
  19700428  19700527
  19760330  19760428
  19780819  19780917
  19801128  19801227
  19811028  19811126
  19830615  19830714
  19850204  19850305
  19860315  19860413
  19870627  19870726
  19880204  19880304
  19950301  19950330
  19950625  19950724
  20000923  20001022
  20011015  20011113
  20020724  20020822
  20060205  20060306
  20070504  20070602
  20121104  20121203
  20150415  20150514
  20160218  20160318
  20161008  20161106
