  19161019  19161117
  19210228  19210329
  19210925  19211024
  19230521  19230619
  19241010  19241108
  19260408  19260507
  19281003  19281101
  19300406  19300505
  19300618  19300717
  19310926  19311025
  19320722  19320820
  19331028  19331126
  19360410  19360509
  19410405  19410504
  19410825  19410923
  19460318  19460416
  19461031  19461129
  19470903  19471002
  19530906  19531005
  19531214  19540112
  19551120  19551219
  19570405  19570504
  19570701  19570730
  19610903  19611002
  19620614  19620713
  19630309  19630407
  19641017  19641115
  19660220  19660321
  19660506  19660604
  19680317  19680415
  19761207  19770105
  19770425  19770524
  19800115  19800213
  19830629  19830728
  19860821  19860919
  19870702  19870731
  19880216  19880316
  19880521  19880619
  19891117  19891216
  19910425  19910524
  19950309  19950407
  19970326  19970424
  19990421  19990520
  20001006  20001104
  20010925  20011024
  20020607  20020706
  20060207  20060308
  20070425  20070524
  20090202  20090303
  20101210  20110108
  20120229  20120329
  20161006  20161104
  20170124  20170222
