  19190903  19191002
  19210821  19210919
  19230210  19230311
  19261208  19270106
  19331130  19331229
  19380320  19380418
  19381206  19390104
  19420702  19420731
  19420904  19421003
  19440805  19440903
  19441107  19441206
  19450109  19450207
  19460315  19460413
  19481230  19490128
  19491229  19500127
  19561111  19561210
  19610829  19610927
  19670223  19670324
  19680313  19680411
  19701115  19701214
  19720822  19720920
  19740915  19741014
  19751115  19751214
  19770311  19770409
  19780803  19780901
  19800824  19800922
  19810325  19810423
  19961007  19961105
  19980507  19980605
  20000201  20000301
  20000920  20001019
  20020304  20020402
  20060906  20061005
  20090903  20091002
  20100623  20100722
  20100824  20100922
  20121013  20121111
  20161001  20161030
