  19220826  19220924
  19330512  19330610
  19350830  19350928
  19360915  19361014
  19380927  19381026
  19390801  19390830
  19400807  19400905
  19451002  19451031
  19470701  19470730
  19520905  19521004
  19530903  19531002
  19550720  19550818
  19560818  19560916
  19580906  19581005
  19630913  19631012
  19670801  19670830
  19710711  19710809
  19750905  19751004
  19830724  19830822
  19840805  19840903
  19890915  19891014
  19950618  19950717
  19990802  19990831
  20000706  20000804
  20040708  20040806
  20120804  20120902
  20170524  20170622
