  19170829  19170927
  19171030  19171128
  19210423  19210522
  19240925  19241024
  19260408  19260507
  19300402  19300501
  19320430  19320529
  19330521  19330619
  19331105  19331204
  19340326  19340424
  19360330  19360428
  19390807  19390905
  19400717  19400815
  19420909  19421008
  19440513  19440611
  19441005  19441103
  19460223  19460324
  19510421  19510520
  19520704  19520802
  19530515  19530613
  19540604  19540703
  19541028  19541126
  19550727  19550825
  19560916  19561015
  19630316  19630414
  19630829  19630927
  19640719  19640817
  19640929  19641028
  19650411  19650510
  19651019  19651117
  19660529  19660627
  19830621  19830720
  19840705  19840803
  19860312  19860410
  19870414  19870513
  19870715  19870813
  19880331  19880429
  19950218  19950319
  19970904  19971003
  19991010  19991108
  20010403  20010502
  20100824  20100922
