  19171113  19171212
  19180202  19180303
  19200918  19201017
  19210504  19210602
  19230904  19231003
  19250215  19250316
  19270220  19270321
  19300318  19300416
  19310511  19310609
  19310902  19311001
  19330910  19331009
  19341114  19341213
  19360330  19360428
  19390818  19390916
  19401112  19401211
  19410405  19410504
  19410826  19410924
  19420308  19420406
  19431102  19431201
  19440430  19440529
  19470416  19470515
  19480418  19480517
  19480907  19481006
  19510706  19510804
  19520903  19521002
  19540601  19540630
  19570614  19570713
  19581001  19581030
  19600317  19600415
  19620404  19620503
  19630929  19631028
  19651008  19651106
  19670223  19670324
  19761225  19770123
  19801124  19801223
  19850205  19850306
  19851130  19851229
  19860315  19860413
  19870626  19870725
  19950218  19950319
  19980803  19980901
  19990804  19990902
  20010402  20010501
  20011014  20011112
  20020714  20020812
  20070506  20070604
  20070915  20071014
