  19180429  19180528
  19210929  19211028
  19250316  19250414
  19260511  19260609
  19300525  19300623
  19310829  19310927
  19330525  19330623
  19350710  19350808
  19360203  19360303
  19360721  19360819
  19370320  19370418
  19380827  19380925
  19410424  19410523
  19430330  19430428
  19431107  19431206
  19440608  19440707
  19480514  19480612
  19480823  19480921
  19520529  19520627
  19530519  19530617
  19540528  19540626
  19551202  19551231
  19560901  19560930
  19581129  19581228
  19600306  19600404
  19621121  19621220
  19630914  19631013
  19640512  19640610
  19650326  19650424
  19651022  19651120
  19660210  19660311
  19660518  19660616
  19670220  19670321
  19711004  19711102
  19760314  19760412
  19770423  19770522
  19780302  19780331
  19780626  19780725
  19801202  19801231
  19811112  19811211
  19850501  19850530
  19860206  19860307
  19870325  19870423
  19880402  19880501
  20050925  20051024
  20070213  20070314
  20100204  20100305
  20120404  20120503
