  19161020  19161118
  19180212  19180313
  19180607  19180706
  19210429  19210528
  19220901  19220930
  19250318  19250416
  19260402  19260501
  19300318  19300416
  19310901  19310930
  19320417  19320516
  19330524  19330622
  19360406  19360505
  19380831  19380929
  19391007  19391105
  19400811  19400909
  19410124  19410222
  19440615  19440714
  19440929  19441028
  19490325  19490423
  19520404  19520503
  19520902  19521001
  19530522  19530620
  19550728  19550826
  19560901  19560930
  19621025  19621123
  19630305  19630403
  19630829  19630927
  19640427  19640526
  19650402  19650501
  19670228  19670329
  19690429  19690528
  19710221  19710322
  19770423  19770522
  19801209  19810107
  19830629  19830728
  19870414  19870513
  19880401  19880430
  19891021  19891119
  19950216  19950317
  19990808  19990906
  19991013  19991111
  20010405  20010504
  20050928  20051027
  20100910  20101009
  20120309  20120407
  20160928  20161027
  20170831  20170929
