  19160408  19160507
  19190821  19190919
  19210220  19210321
  19221013  19221111
  19250211  19250312
  19250512  19250610
  19260413  19260512
  19300406  19300505
  19310912  19311011
  19320511  19320609
  19330908  19331007
  19590602  19590701
  19601110  19601209
  19620410  19620509
  19630312  19630410
  19640408  19640507
  19660302  19660331
  19691002  19691031
  19700504  19700602
  19740930  19741029
  19760703  19760801
  19770115  19770213
  19770424  19770523
  19850212  19850313
  19851218  19860116
  19870706  19870804
  19930806  19930904
  19950228  19950329
  19990515  19990613
  20001001  20001030
  20010926  20011025
  20020527  20020625
  20040207  20040307
  20050723  20050821
  20060204  20060305
  20080515  20080613
  20101217  20110115
  20161015  20161113
  20170123  20170221
