  19170116  19170214
  19191213  19200111
  19241003  19241101
  19280209  19280309
  19350909  19351008
  19390408  19390507
  19391115  19391214
  19410316  19410414
  19430531  19430629
  19460304  19460402
  19461013  19461111
  19470729  19470827
  19480816  19480914
  19490525  19490623
  19520916  19521015
  19560714  19560812
  19570521  19570619
  19630317  19630415
  19640415  19640514
  19651015  19651113
  19660610  19660709
  19710521  19710619
  19720725  19720823
  19730803  19730901
  19781016  19781114
  19800112  19800210
  19800428  19800527
  19800730  19800828
  19810220  19810321
  19860318  19860416
  19880219  19880319
  19880520  19880618
  19910426  19910525
  19950309  19950407
  19981011  19981109
  20010929  20011028
  20030103  20030201
  20130928  20131027
  20140807  20140905
  20150115  20150213
  20150409  20150508
  20160805  20160903
