  19200918  19201017
  19241004  19241102
  19250226  19250327
  19250728  19250826
  19260408  19260507
  19300318  19300416
  19311006  19311104
  19320803  19320901
  19331001  19331030
  19340328  19340426
  19360402  19360501
  19380913  19381012
  19390417  19390516
  19391028  19391126
  19410311  19410409
  19430824  19430922
  19440624  19440723
  19470126  19470224
  19470912  19471011
  19490923  19491022
  19510713  19510811
  19510914  19511013
  19520920  19521019
  19530809  19530907
  19561013  19561111
  19580208  19580309
  19590806  19590904
  19620402  19620501
  19630903  19631002
  19650414  19650513
  19660511  19660609
  19670521  19670619
  19690130  19690228
  19710227  19710328
  19760321  19760419
  19761211  19770109
  19780109  19780207
  19820325  19820423
  19871004  19871102
  19900205  19900306
  19910419  19910518
  19950218  19950319
  19981008  19981106
  20020714  20020812
  20070412  20070511
  20080909  20081008
  20150411  20150510
