  19180130  19180228
  19190828  19190926
  19210203  19210304
  19261214  19270112
  19270814  19270912
  19271217  19280115
  19310508  19310606
  19310814  19310912
  19331106  19331205
  19350917  19351016
  19371223  19380121
  19380726  19380824
  19390927  19391026
  19401228  19410126
  19430921  19431020
  19441129  19441228
  19491215  19500113
  19501231  19510129
  19530503  19530601
  19540105  19540203
  19540529  19540627
  19550202  19550303
  19551126  19551225
  19561224  19570122
  19610911  19611010
  19680109  19680207
  19731001  19731030
  19770409  19770508
  19780902  19781001
  19801128  19801227
  19810401  19810430
  19810817  19810915
  19840804  19840902
  19850205  19850306
  19870623  19870722
  19870910  19871009
  19950312  19950410
  19980520  19980618
  19981014  19981112
  19990706  19990804
  20040219  20040319
  20080511  20080609
  20110801  20110830
  20121004  20121102
  20130926  20131025
  20170130  20170228
  20180130  20180228
