  19161021  19161119
  19171030  19171128
  19180429  19180528
  19210927  19211026
  19240918  19241017
  19250316  19250414
  19301226  19310124
  19310829  19310927
  19330507  19330605
  19331016  19331114
  19360203  19360303
  19370317  19370415
  19380406  19380505
  19410423  19410522
  19411217  19420115
  19430329  19430427
  19431107  19431206
  19480426  19480525
  19520823  19520921
  19530919  19531018
  19551204  19560102
  19560415  19560514
  19581123  19581222
  19600304  19600402
  19621118  19621217
  19630301  19630330
  19630914  19631013
  19650402  19650501
  19651006  19651104
  19660210  19660311
  19661024  19661122
  19760313  19760411
  19770420  19770519
  19770712  19770810
  19780228  19780329
  19801120  19801219
  19811020  19811118
  19851211  19860109
  19860319  19860417
  19880331  19880429
  19980226  19980327
  19991101  19991130
  20050926  20051025
  20070213  20070314
  20100825  20100923
  20160919  20161018
