  19240328  19240426
  19241005  19241103
  19260405  19260504
  19280406  19280505
  19360229  19360329
  19370820  19370918
  19380828  19380926
  19390407  19390506
  19390808  19390906
  19400818  19400916
  19501003  19501101
  19520901  19520930
  19540601  19540630
  19551015  19551113
  19560801  19560830
  19620325  19620423
  19630307  19630405
  19630823  19630921
  19640922  19641021
  19660810  19660908
  19710311  19710409
  19710718  19710816
  19750611  19750710
  19750929  19751028
  19800329  19800427
  19830622  19830721
  19840711  19840809
  19880401  19880430
  19880916  19881015
  19990929  19991028
  20020823  20020921
  20060430  20060529
  20110907  20111006
  20120501  20120530
  20120901  20120930
  20161015  20161113
  20180409  20180508
