  19220831  19220929
  19241009  19241107
  19250211  19250312
  19260408  19260507
  19280830  19280928
  19300701  19300730
  19300927  19301026
  19310917  19311016
  19340412  19340511
  19390408  19390507
  19410406  19410505
  19410825  19410923
  19440713  19440811
  19460308  19460406
  19461108  19461207
  19470905  19471004
  19480802  19480831
  19490523  19490621
  19540603  19540702
  19550426  19550525
  19581118  19581217
  19590428  19590527
  19610827  19610925
  19620418  19620517
  19651010  19651108
  19660530  19660628
  19690202  19690303
  19690802  19690831
  19710509  19710607
  19720804  19720902
  19761221  19770119
  19781014  19781112
  19800115  19800213
  19800803  19800901
  19810220  19810321
  19840911  19841010
  19841230  19850128
  19880218  19880318
  19880520  19880618
  19881122  19881221
  19891119  19891218
  19910422  19910521
  19950309  19950407
  19980716  19980814
  19981010  19981108
  19990424  19990523
  20010403  20010502
  20070425  20070524
  20090212  20090313
  20120225  20120325
  20141016  20141114
  20170825  20170923
