  19160229  19160329
  19171114  19171213
  19180130  19180228
  19260405  19260504
  19270309  19270407
  19281031  19281129
  19300129  19300227
  19300717  19300815
  19310105  19310203
  19310512  19310610
  19330915  19331014
  19360422  19360521
  19380107  19380205
  19391001  19391030
  19410102  19410131
  19410404  19410503
  19501207  19510105
  19531004  19531102
  19550207  19550308
  19560429  19560528
  19610919  19611018
  19670219  19670320
  19800702  19800731
  19801127  19801226
  19810603  19810702
  19830630  19830729
  19840822  19840920
  19850208  19850309
  19851214  19860112
  19870911  19871010
  19880204  19880304
  19910926  19911025
  19930511  19930609
  19950302  19950331
  19980606  19980705
  19990706  19990804
  20000502  20000531
  20000924  20001023
  20010331  20010429
  20020504  20020602
  20040212  20040312
  20070301  20070330
  20080516  20080614
  20101201  20101230
  20150612  20150711
  20160521  20160619
  20160903  20161002
  20170122  20170220
