  19180502  19180531
  19181016  19181114
  19190902  19191001
  19200730  19200828
  19210312  19210410
  19261209  19270107
  19310512  19310610
  19350106  19350204
  19380209  19380310
  19380717  19380815
  19420901  19420930
  19441028  19441126
  19450112  19450210
  19481014  19481112
  19500103  19500201
  19511119  19511218
  19571008  19571106
  19630613  19630712
  19720827  19720925
  19750104  19750202
  19770311  19770409
  19800902  19801001
  19810328  19810426
  19860830  19860928
  19880828  19880926
  19901113  19901212
  19921005  19921103
  20000204  20000304
  20000926  20001025
  20100826  20100924
  20121007  20121105
  20130919  20131018
  20150923  20151022
  20160928  20161027
