  19160626  19160725
  19170605  19170704
  19170927  19171026
  19240323  19240421
  19260406  19260505
  19330519  19330617
  19360226  19360326
  19370804  19370902
  19390812  19390910
  19400823  19400921
  19441002  19441031
  19500923  19501022
  19520404  19520503
  19520818  19520916
  19530513  19530611
  19530904  19531003
  19540802  19540831
  19551031  19551129
  19560830  19560928
  19600808  19600906
  19620329  19620427
  19630907  19631006
  19640917  19641016
  19710304  19710402
  19720505  19720603
  19760703  19760801
  19800331  19800429
  19800807  19800905
  19870331  19870429
  19880413  19880512
  19950816  19950914
  19990929  19991028
  20000316  20000414
  20050613  20050712
  20060510  20060608
  20120430  20120529
  20150908  20151007
