  19190602  19190701
  19231022  19231120
  19240928  19241027
  19270728  19270826
  19300707  19300805
  19310716  19310814
  19340502  19340531
  19360607  19360706
  19360829  19360927
  19420326  19420424
  19460908  19461007
  19470919  19471018
  19480907  19481006
  19500902  19501001
  19520923  19521022
  19530919  19531018
  19560915  19561014
  19570909  19571008
  19580317  19580415
  19610315  19610413
  19630902  19631001
  19640302  19640331
  19660602  19660701
  19690728  19690826
  19740306  19740404
  19820430  19820529
  19870304  19870402
  19880409  19880508
  19890610  19890709
  19940905  19941004
  20000407  20000506
  20080914  20081013
