  19180131  19180301
  19200913  19201012
  19210504  19210602
  19220707  19220805
  19240920  19241019
  19250317  19250415
  19260331  19260429
  19281119  19281218
  19300319  19300417
  19300606  19300705
  19310509  19310607
  19340307  19340405
  19360405  19360504
  19371108  19371207
  19380830  19380928
  19391003  19391101
  19410820  19410918
  19420320  19420418
  19440614  19440713
  19520311  19520409
  19530925  19531024
  19550823  19550921
  19551204  19560102
  19570630  19570729
  19620411  19620510
  19650407  19650506
  19651007  19651105
  19661210  19670108
  19670220  19670321
  19800614  19800713
  19801129  19801228
  19830713  19830811
  19850205  19850306
  19851201  19851230
  19870330  19870428
  19870626  19870725
  19880125  19880223
  19880419  19880518
  19900713  19900811
  19950222  19950323
  19990804  19990902
  19991102  19991201
  20000418  20000517
  20060518  20060616
  20070302  20070331
  20080619  20080718
  20120310  20120408
  20160401  20160430
  20160827  20160925
