  19220821  19220919
  19250707  19250805
  19330910  19331009
  19350825  19350923
  19360608  19360707
  19360827  19360925
  19380908  19381007
  19400826  19400924
  19470704  19470802
  19520404  19520503
  19530816  19530914
  19540609  19540708
  19580905  19581004
  19640926  19641025
  19670624  19670723
  19740529  19740627
  19740810  19740908
  19790831  19790929
  19870413  19870512
  20000805  20000903
  20020513  20020611
  20110813  20110911
  20120804  20120902
  20130727  20130825
  20140917  20141016
