  19180920  19181019
  19210227  19210328
  19210803  19210901
  19220831  19220929
  19230521  19230619
  19241006  19241104
  19250810  19250908
  19270220  19270321
  19300308  19300406
  19300710  19300808
  19300908  19301007
  19331028  19331126
  19360412  19360511
  19380317  19380415
  19390426  19390525
  19391107  19391206
  19410405  19410504
  19410827  19410925
  19430707  19430805
  19440104  19440202
  19450227  19450328
  19551124  19551223
  19570406  19570505
  19570608  19570707
  19630314  19630412
  19640424  19640523
  19641012  19641110
  19650409  19650508
  19651001  19651030
  19660623  19660722
  19670307  19670405
  19680312  19680410
  19680906  19681005
  19690424  19690523
  19741017  19741115
  19801206  19810104
  19850212  19850313
  19860905  19861004
  19880524  19880622
  19970820  19970918
  20001002  20001031
  20050731  20050829
  20060207  20060308
  20070822  20070920
  20090114  20090212
  20110504  20110602
  20120229  20120329
  20171122  20171221
