  19180202  19180303
  19200912  19201011
  19210213  19210314
  19210513  19210611
  19230904  19231003
  19260331  19260429
  19271219  19280117
  19281120  19281219
  19300606  19300705
  19310105  19310203
  19310508  19310606
  19310903  19311002
  19330508  19330606
  19340306  19340404
  19341111  19341210
  19360410  19360509
  19371105  19371204
  19380903  19381002
  19381119  19381218
  19390927  19391026
  19410829  19410927
  19420325  19420423
  19440525  19440623
  19540603  19540702
  19551126  19551225
  19560427  19560526
  19570628  19570727
  19670221  19670322
  19801123  19801222
  19830628  19830727
  19850205  19850306
  19851201  19851230
  19870330  19870428
  19870702  19870731
  19880123  19880221
  19930808  19930906
  19950228  19950329
  19991102  19991201
  20020127  20020225
  20040212  20040312
  20060513  20060611
  20120303  20120401
  20170123  20170221
