  19160705  19160803
  19171119  19171218
  19210228  19210329
  19210730  19210828
  19220830  19220928
  19260413  19260512
  19280905  19281004
  19340416  19340515
  19380228  19380329
  19390404  19390503
  19400630  19400729
  19410825  19410923
  19430828  19430926
  19431122  19431221
  19460305  19460403
  19461026  19461124
  19480729  19480827
  19521007  19521105
  19531007  19531105
  19580122  19580220
  19581116  19581215
  19590410  19590509
  19601027  19601125
  19610828  19610926
  19630818  19630916
  19640423  19640522
  19650213  19650314
  19690802  19690831
  19691212  19700110
  19701127  19701226
  19711011  19711109
  19720729  19720827
  19730923  19731022
  19790610  19790709
  19800115  19800213
  19800711  19800809
  19810217  19810318
  19840914  19841013
  19850105  19850203
  19850312  19850410
  19870411  19870510
  19880310  19880408
  19880520  19880618
  19981011  19981109
  19990705  19990803
  20010331  20010429
  20011001  20011030
  20021224  20030122
  20150115  20150213
  20170826  20170924
