  19160616  19160715
  19170912  19171011
  19190308  19190406
  19240926  19241025
  19260422  19260521
  19300211  19300312
  19320327  19320425
  19330519  19330617
  19340505  19340603
  19380830  19380928
  19430701  19430730
  19431025  19431123
  19470711  19470809
  19480827  19480925
  19501002  19501031
  19520523  19520621
  19520830  19520928
  19530511  19530609
  19551012  19551110
  19560218  19560318
  19560829  19560927
  19600810  19600908
  19620411  19620510
  19651002  19651031
  19660520  19660618
  19710219  19710320
  19720421  19720520
  19770430  19770529
  19800623  19800722
  19820227  19820328
  19860607  19860706
  19880410  19880509
  19890915  19891014
  19960124  19960222
  19990707  19990805
  20070213  20070314
  20101006  20101104
