  19190517  19190615
  19191205  19200103
  19221025  19221123
  19230522  19230620
  19240928  19241027
  19270227  19270328
  19280208  19280308
  19281026  19281124
  19300328  19300426
  19320418  19320517
  19350910  19351009
  19360615  19360714
  19400715  19400813
  19410316  19410414
  19410831  19410929
  19430731  19430829
  19440416  19440515
  19460302  19460331
  19461004  19461102
  19471128  19471227
  19480814  19480912
  19490525  19490623
  19521003  19521101
  19530509  19530607
  19560709  19560807
  19570405  19570504
  19630306  19630404
  19640409  19640508
  19650212  19650313
  19660301  19660330
  19800730  19800828
  19801129  19801228
  19860315  19860413
  19870430  19870529
  19880522  19880620
  19881207  19890105
  19940508  19940606
  19970601  19970630
  19970823  19970921
  19990311  19990409
  19990524  19990622
  20010927  20011026
  20060203  20060304
  20101217  20110115
  20130308  20130406
  20130922  20131021
  20140813  20140911
  20150109  20150207
