  19171030  19171128
  19190520  19190618
  19210809  19210907
  19211220  19220118
  19240924  19241023
  19250313  19250411
  19260122  19260220
  19270308  19270406
  19300814  19300912
  19320412  19320511
  19350919  19351018
  19410317  19410415
  19420402  19420501
  19431217  19440115
  19440418  19440517
  19470903  19471002
  19490626  19490725
  19500421  19500520
  19520607  19520706
  19521007  19521105
  19550811  19550909
  19551108  19551207
  19570227  19570328
  19570724  19570822
  19581127  19581226
  19590329  19590427
  19601221  19610119
  19630122  19630220
  19640415  19640514
  19701123  19701222
  19711010  19711108
  19750404  19750503
  19800115  19800213
  19801128  19801227
  19810215  19810316
  19841003  19841101
  19850225  19850326
  19860926  19861025
  19880216  19880316
  19891109  19891208
  19930606  19930705
  19950309  19950407
  19990322  19990420
  20001222  20010120
  20010326  20010424
  20010716  20010814
  20020709  20020807
  20060220  20060321
  20120223  20120323
  20130224  20130325
  20150122  20150220
  20160822  20160920
  20180428  20180527
