  19180202  19180303
  19200911  19201010
  19210525  19210623
  19250317  19250415
  19270818  19270916
  19271218  19280116
  19281119  19281218
  19300606  19300705
  19310107  19310205
  19330505  19330603
  19340306  19340404
  19360409  19360508
  19371107  19371206
  19380829  19380927
  19381119  19381218
  19390926  19391025
  19410324  19410422
  19420323  19420421
  19501207  19510105
  19530926  19531025
  19550729  19550827
  19551127  19551226
  19560424  19560523
  19600402  19600501
  19650407  19650506
  19780809  19780907
  19801123  19801222
  19841129  19841228
  19850206  19850307
  19851130  19851229
  19870629  19870728
  19880202  19880302
  19900714  19900812
  19980816  19980914
  19990719  19990817
  19991102  19991201
  20000410  20000509
  20020130  20020228
  20040218  20040318
  20060513  20060611
  20120303  20120401
  20160412  20160511
  20160903  20161002
