  19160122  19160220
  19170929  19171028
  19180203  19180304
  19210102  19210131
  19220814  19220912
  19240630  19240729
  19250209  19250310
  19271216  19280114
  19300520  19300618
  19320221  19320321
  19330831  19330929
  19360524  19360622
  19380808  19380906
  19391028  19391126
  19480529  19480627
  19520917  19521016
  19530901  19530930
  19540108  19540206
  19540713  19540811
  19550205  19550306
  19551202  19551231
  19561223  19570121
  19581104  19581203
  19600506  19600604
  19630224  19630325
  19630917  19631016
  19650308  19650406
  19670207  19670308
  19671231  19680129
  19690518  19690616
  19720826  19720924
  19770510  19770608
  19780928  19781027
  19800720  19800818
  19801128  19801227
  19810903  19811002
  19850510  19850608
  19870808  19870906
  19880406  19880505
  19890119  19890217
  19900713  19900811
  19970815  19970913
  19990314  19990412
  19991221  20000119
  20040226  20040326
  20070213  20070314
  20100905  20101004
  20110331  20110429
  20121019  20121117
  20160915  20161014
