  19300707  19300805
  19330522  19330620
  19340404  19340503
  19360609  19360708
  19370811  19370909
  19390418  19390517
  19390821  19390919
  19460328  19460426
  19480515  19480613
  19520901  19520930
  19530811  19530909
  19550808  19550906
  19560908  19561007
  19630920  19631019
  19690727  19690825
  19720425  19720524
  19760513  19760611
  19850427  19850526
  19870310  19870408
  19890325  19890423
  19890901  19890930
  19950523  19950621
  19980827  19980925
  20030707  20030805
  20080813  20080911
  20130730  20130828
