  19160122  19160220
  19161018  19161116
  19170511  19170609
  19180130  19180228
  19240609  19240708
  19250209  19250310
  19260601  19260630
  19300527  19300625
  19310830  19310928
  19330831  19330929
  19360129  19360227
  19430409  19430508
  19440901  19440930
  19491031  19491129
  19520525  19520623
  19530824  19530922
  19540121  19540219
  19540514  19540612
  19550205  19550306
  19551202  19551231
  19581118  19581217
  19600507  19600605
  19630219  19630320
  19650330  19650428
  19770501  19770530
  19780928  19781027
  19801201  19801230
  19810713  19810811
  19880404  19880503
  19990326  19990424
  19991021  19991119
  20040223  20040323
  20050717  20050815
  20070213  20070314
  20090524  20090622
  20100325  20100423
  20110504  20110602
  20110928  20111027
  20160913  20161012
  20170104  20170202
  20171102  20171201
