  19180130  19180228
  19250513  19250611
  19260421  19260520
  19260827  19260925
  19281030  19281128
  19310106  19310204
  19310903  19311002
  19330511  19330609
  19360418  19360517
  19380111  19380209
  19410904  19411003
  19430920  19431019
  19450223  19450324
  19470421  19470520
  19491206  19500104
  19501207  19510105
  19530617  19530716
  19531003  19531101
  19550209  19550310
  19560513  19560611
  19610831  19610929
  19651122  19651221
  19660305  19660403
  19660611  19660710
  19680811  19680909
  19760202  19760302
  19760623  19760722
  19770330  19770428
  19800719  19800817
  19801204  19810102
  19830622  19830721
  19850213  19850314
  19851214  19860112
  19880129  19880227
  19930615  19930714
  19950228  19950329
  19980607  19980706
  20000923  20001022
  20010330  20010428
  20020124  20020222
  20031215  20040113
  20060130  20060228
  20070421  20070520
  20120119  20120217
  20150501  20150530
  20160223  20160323
  20161013  20161111
  20170123  20170221
