  19210424  19210523
  19210812  19210910
  19220901  19220930
  19240925  19241024
  19270311  19270409
  19300917  19301016
  19320412  19320511
  19330508  19330606
  19410409  19410508
  19410826  19410924
  19480808  19480906
  19490923  19491022
  19521004  19521102
  19530522  19530620
  19550613  19550712
  19570228  19570329
  19590405  19590504
  19610826  19610924
  19630510  19630608
  19630814  19630912
  19640823  19640921
  19650304  19650402
  19660307  19660405
  19680911  19681010
  19710925  19711024
  19770424  19770523
  19781014  19781112
  19850313  19850411
  19870331  19870429
  19940924  19941023
  19950304  19950402
  19990321  19990419
  20010926  20011025
  20160817  20160915
