  19160122  19160220
  19161019  19161117
  19210101  19210130
  19250209  19250310
  19350911  19351010
  19360528  19360626
  19370120  19370218
  19380819  19380917
  19390226  19390327
  19530822  19530920
  19540110  19540208
  19550205  19550306
  19551202  19551231
  19600506  19600604
  19630224  19630325
  19680102  19680131
  19770430  19770529
  19780928  19781027
  19810702  19810731
  19880410  19880509
  19970817  19970915
  19980429  19980528
  19990314  19990412
  20010401  20010430
  20020408  20020507
  20030408  20030507
  20100303  20100401
  20110908  20111007
  20160911  20161010
  20170108  20170206
