  19191209  19200107
  19241001  19241030
  19280209  19280309
  19350909  19351008
  19360618  19360717
  19380202  19380303
  19390409  19390508
  19410831  19410929
  19430527  19430625
  19431115  19431214
  19460309  19460407
  19490522  19490620
  19550426  19550525
  19630307  19630405
  19640415  19640514
  19650213  19650314
  19660303  19660401
  19660610  19660709
  19710518  19710616
  19810220  19810321
  19820203  19820304
  19860315  19860413
  19891119  19891218
  19910512  19910610
  19951123  19951222
  20010926  20011025
  20060205  20060306
