  19221013  19221111
  19250215  19250316
  19250514  19250612
  19260412  19260511
  19300406  19300505
  19310903  19311002
  19340409  19340508
  19360403  19360502
  19410904  19411003
  19420308  19420406
  19540722  19540820
  19570405  19570504
  19620407  19620506
  19630306  19630404
  19640409  19640508
  19670307  19670405
  19760401  19760430
  19780819  19780917
  19830615  19830714
  19850212  19850313
  19860315  19860413
  19870704  19870802
  19880204  19880304
  19950301  19950330
  19950625  19950724
  20000925  20001024
  20150420  20150519
  20160218  20160318
