  19241003  19241101
  19270308  19270406
  19280913  19281012
  19290520  19290618
  19320416  19320515
  19350919  19351018
  19410317  19410415
  19410901  19410930
  19470903  19471002
  19480812  19480910
  19561008  19561106
  19590408  19590507
  19650226  19650327
  19660302  19660331
  19710514  19710612
  19810224  19810325
  19830619  19830718
  19850312  19850410
  19860318  19860416
  19880220  19880320
  19891120  19891219
  19941002  19941031
  19950309  19950407
  19960720  19960818
  19990324  19990422
  20010330  20010428
  20120225  20120325
  20160304  20160402
  20180418  20180517
