  19210803  19210901
  19250821  19250919
  19310926  19311025
  19360410  19360509
  19410405  19410504
  19570405  19570504
  19620621  19620720
  19630318  19630416
  19640430  19640529
  19651007  19651105
  19680317  19680415
  19740125  19740223
  19850606  19850705
  19880523  19880621
  19910122  19910220
  19940508  19940606
  19950309  19950407
  19970610  19970709
  19980629  19980728
  20000927  20001026
  20060212  20060313
  20070426  20070525
  20120301  20120330
  20160224  20160324
  20170902  20171001
