  19241003  19241101
  19250511  19250609
  19320717  19320815
  19360408  19360507
  19370208  19370309
  19390416  19390515
  19390804  19390902
  19400628  19400727
  19470202  19470303
  19530808  19530906
  19620407  19620506
  19630309  19630407
  19630913  19631012
  19640420  19640519
  19650414  19650513
  19670526  19670624
  19690130  19690228
  19710228  19710329
  19830203  19830304
  19870716  19870814
  19910423  19910522
  19930702  19930731
  19950218  19950319
  19990304  19990402
  20070415  20070514
  20100815  20100913
  20150411  20150510
