  19210717  19210815
  19260414  19260513
  19271219  19280117
  19310115  19310213
  19330830  19330928
  19340929  19341028
  19360409  19360508
  19370429  19370528
  19401116  19401215
  19410826  19410924
  19430723  19430821
  19450223  19450324
  19460215  19460316
  19640411  19640510
  19651008  19651106
  19700824  19700922
  19760131  19760229
  19830612  19830711
  19840921  19841020
  19850212  19850313
  19851208  19860106
  19860827  19860925
  19881129  19881228
  19900824  19900922
  19930601  19930630
  20000930  20001029
