  19161021  19161119
  19171029  19171127
  19180201  19180302
  19190628  19190727
  19200909  19201008
  19210502  19210531
  19240921  19241020
  19300318  19300416
  19340308  19340406
  19360406  19360505
  19380912  19381011
  19390810  19390908
  19410824  19410922
  19420409  19420508
  19440506  19440604
  19480414  19480513
  19510703  19510801
  19520323  19520421
  19530518  19530616
  19620414  19620513
  19650405  19650504
  19660211  19660312
  19670228  19670329
  19830622  19830721
  19860313  19860411
  19860611  19860710
  19870416  19870515
  19900722  19900820
  19920311  19920409
  19981004  19981102
  19990702  19990731
  20050928  20051027
  20100911  20101010
  20120309  20120407
  20160401  20160430
  20160918  20161017
