  19210102  19210131
  19250209  19250310
  19320221  19320321
  19330902  19331001
  19380809  19380907
  19520918  19521017
  19530901  19530930
  19540108  19540206
  19550206  19550307
  19600507  19600605
  19650311  19650409
  19671231  19680129
  19690518  19690616
  19800721  19800819
  19801128  19801227
  19810904  19811003
  19870808  19870906
  19880406  19880505
  19890120  19890218
  19900717  19900815
  19970815  19970913
  19990314  19990412
  20040226  20040326
  20160917  20161016
