  19191209  19200107
  19230523  19230621
  19240930  19241029
  19270227  19270328
  19280215  19280315
  19350910  19351009
  19400715  19400813
  19410901  19410930
  19440424  19440523
  19460303  19460401
  19461004  19461102
  19480814  19480912
  19530509  19530607
  19560721  19560819
  19570406  19570505
  19630306  19630404
  19640415  19640514
  19650226  19650327
  19660301  19660330
  19800803  19800901
  19860315  19860413
  19870430  19870529
  19970823  19970921
  19990311  19990409
  19990524  19990622
  20011002  20011031
  20060203  20060304
  20101217  20110115
  20130312  20130410
