  19210501  19210530
  19210818  19210916
  19240930  19241029
  19270312  19270410
  19320414  19320513
  19410901  19410930
  19460309  19460407
  19480807  19480905
  19500903  19501002
  19530519  19530617
  19561007  19561105
  19590404  19590503
  19610829  19610927
  19630820  19630918
  19640823  19640921
  19660306  19660404
  19730926  19731025
  19770424  19770523
  19860322  19860420
  19870406  19870505
  19940928  19941027
  19950312  19950410
  19990323  19990421
  20170826  20170924
