  19300319  19300417
  19320803  19320901
  19360402  19360501
  19380916  19381015
  19390417  19390516
  19510914  19511013
  19570405  19570504
  19620406  19620505
  19630912  19631011
  19640420  19640519
  19650416  19650515
  19651008  19651106
  19660506  19660604
  19690201  19690302
  19710303  19710401
  19760402  19760501
  19820325  19820423
  19830724  19830822
  19860226  19860327
  19900204  19900305
  19910418  19910517
  19940910  19941009
  19950301  19950330
  20070415  20070514
  20070826  20070924
  20150411  20150510
