  19191209  19200107
  19230523  19230621
  19241004  19241102
  19270226  19270327
  19350914  19351013
  19400716  19400814
  19410901  19410930
  19440424  19440523
  19460303  19460401
  19461003  19461101
  19480813  19480911
  19530517  19530615
  19570405  19570504
  19630306  19630404
  19640415  19640514
  19660301  19660330
  19661107  19661206
  19761026  19761124
  19860315  19860413
  19870502  19870531
  19910509  19910607
  19930414  19930513
  19990310  19990408
  19990525  19990623
  20060202  20060303
  20130309  20130407
