  19171030  19171128
  19190522  19190620
  19200501  19200530
  19210409  19210508
  19250319  19250417
  19270317  19270415
  19320414  19320513
  19400628  19400727
  19410416  19410515
  19500423  19500522
  19500830  19500928
  19520605  19520704
  19550823  19550921
  19570312  19570410
  19590403  19590502
  19640307  19640405
  19650305  19650403
  19800323  19800421
  19810314  19810412
  19850315  19850413
  19990330  19990428
  20020716  20020814
  20130320  20130418
  20160822  20160920
