  19161021  19161119
  19210927  19211026
  19250316  19250414
  19301226  19310124
  19330507  19330605
  19360203  19360303
  19370318  19370416
  19380406  19380505
  19431107  19431206
  19530919  19531018
  19600304  19600402
  19630305  19630403
  19630914  19631013
  19650402  19650501
  19651006  19651104
  19660210  19660311
  19760315  19760413
  19770421  19770520
  19811026  19811124
  19851212  19860110
  19880331  19880429
  19980227  19980328
  20050926  20051025
  20160919  20161018
