  19170325  19170423
  19180212  19180313
  19210428  19210527
  19240924  19241023
  19250327  19250425
  19260408  19260507
  19310829  19310927
  19360327  19360425
  19360703  19360801
  19380915  19381014
  19420413  19420512
  19520404  19520503
  19530722  19530820
  19580506  19580604
  19620501  19620530
  19630305  19630403
  19630829  19630927
  19650405  19650504
  19651006  19651104
  19660210  19660311
  19870414  19870513
  19880419  19880518
  19890329  19890427
  20040212  20040312
  20070213  20070314
  20120309  20120407
