  19210809  19210907
  19240701  19240730
  19250217  19250318
  19270811  19270909
  19310814  19310912
  19351004  19351102
  19360802  19360831
  19430921  19431020
  19461119  19461218
  19550207  19550308
  19610831  19610929
  19670216  19670317
  19670824  19670922
  19720829  19720927
  19780812  19780910
  19810829  19810927
  19841127  19841226
  19860314  19860412
  19870906  19871005
  19880518  19880616
  19900809  19900907
  19980505  19980603
  19981011  19981109
  19990201  19990302
  20070302  20070331
  20081211  20090109
