  19230908  19231007
  19241008  19241106
  19310926  19311025
  19360409  19360508
  19390419  19390518
  19410827  19410925
  19460318  19460416
  19660221  19660322
  19660519  19660617
  19780109  19780207
  19800115  19800213
  19860417  19860516
  19900204  19900305
  19940511  19940609
  19950806  19950904
  19970314  19970412
  19990420  19990519
  20020607  20020706
  20050330  20050428
  20060129  20060227
  20101216  20110114
  20110603  20110702
  20120302  20120331
  20160304  20160402
