  19191210  19200108
  19210807  19210905
  19230523  19230621
  19240930  19241029
  19270308  19270406
  19280217  19280317
  19320416  19320515
  19350910  19351009
  19410901  19410930
  19430806  19430904
  19431122  19431221
  19460309  19460407
  19480812  19480910
  19530810  19530908
  19570406  19570505
  19640415  19640514
  19660301  19660330
  19800803  19800901
  19810221  19810322
  19860315  19860413
  19891122  19891221
  19950309  19950407
  19970822  19970920
  19990315  19990413
  20010330  20010428
  20060207  20060308
  20130308  20130406
