  19230908  19231007
  19241003  19241101
  19340411  19340510
  19360408  19360507
  19390418  19390517
  19410826  19410924
  19440620  19440719
  19460309  19460407
  19470127  19470225
  19470905  19471004
  19480805  19480903
  19510702  19510731
  19520520  19520618
  19530920  19531019
  19600912  19601011
  19630913  19631012
  19640807  19640905
  19660521  19660619
  19690130  19690228
  19710307  19710405
  19800117  19800215
  19810220  19810321
  19840825  19840923
  19850329  19850427
  19880220  19880320
  19880519  19880617
  19981010  19981108
  19990417  19990516
  20070827  20070925
  20101217  20110115
  20120301  20120330
  20160609  20160708
