  19160701  19160730
  19230516  19230614
  19241013  19241111
  19260408  19260507
  19340411  19340510
  19360409  19360508
  19380918  19381017
  19390415  19390514
  19460227  19460328
  19470922  19471021
  19480805  19480903
  19520529  19520627
  19530920  19531019
  19570712  19570810
  19630913  19631012
  19640812  19640910
  19690130  19690228
  19710306  19710404
  19770424  19770523
  19780109  19780207
  19850328  19850426
  19910422  19910521
  19981010  19981108
  20001010  20001108
  20070426  20070525
  20120301  20120330
