  19210104  19210202
  19240701  19240730
  19250209  19250310
  19271229  19280127
  19300521  19300619
  19330831  19330929
  19470624  19470723
  19530826  19530924
  19550206  19550307
  19550811  19550909
  19600506  19600604
  19620804  19620902
  19650309  19650407
  19680107  19680205
  19690519  19690617
  19770428  19770527
  19800723  19800821
  19801202  19801231
  19841128  19841227
  19880408  19880507
  19900717  19900815
  19990314  19990412
  20010404  20010503
  20040226  20040326
  20090525  20090623
  20100823  20100921
  20160917  20161016
  20170120  20170218
