  19220901  19220930
  19240930  19241029
  19270223  19270324
  19300824  19300922
  19391109  19391208
  19410828  19410926
  19420327  19420425
  19440105  19440203
  19440620  19440719
  19490523  19490621
  19540510  19540608
  19551120  19551219
  19570410  19570509
  19620414  19620513
  19630306  19630404
  19640207  19640307
  19680911  19681010
  19720714  19720812
  19880520  19880618
  19891117  19891216
  19980621  19980720
  20050709  20050807
  20060209  20060310
  20101213  20110111
  20130905  20131004
  20160802  20160831
