  19241004  19241102
  19250731  19250829
  19260409  19260508
  19300318  19300416
  19320818  19320916
  19360405  19360504
  19380915  19381014
  19390417  19390516
  19470131  19470301
  19561013  19561111
  19620402  19620501
  19630913  19631012
  19650414  19650513
  19660511  19660609
  19670521  19670619
  19690130  19690228
  19710227  19710328
  19760402  19760501
  19820325  19820423
  19900205  19900306
  19910419  19910518
  19950228  19950329
  19981011  19981109
  20070415  20070514
  20080913  20081012
  20150411  20150510
