  19240928  19241027
  19250318  19250416
  19300402  19300501
  19330521  19330619
  19340327  19340425
  19360409  19360508
  19380918  19381017
  19390418  19390517
  19400716  19400814
  19480507  19480605
  19490328  19490426
  19530809  19530907
  19650414  19650513
  19660210  19660311
  19690201  19690302
  19760226  19760326
  19780108  19780206
  19820331  19820429
  19830202  19830303
  19860312  19860410
  19870402  19870501
  19880408  19880507
  19950218  19950319
  20010220  20010321
  20020616  20020715
  20150414  20150513
  20161022  20161120
