  19180212  19180313
  19210429  19210528
  19220901  19220930
  19260408  19260507
  19310902  19311001
  19330525  19330623
  19360410  19360509
  19400818  19400916
  19410124  19410222
  19441008  19441106
  19490326  19490424
  19520413  19520512
  19520902  19521001
  19530522  19530620
  19550728  19550826
  19630305  19630403
  19630904  19631003
  19650403  19650502
  19710221  19710322
  19830704  19830802
  19870415  19870514
  19880401  19880430
  19950216  19950317
  20050928  20051027
  20100910  20101009
  20120309  20120407
  20170901  20170930
