  19220831  19220929
  19241001  19241030
  19310906  19311005
  19340123  19340221
  19360412  19360511
  19410827  19410925
  19431123  19431222
  19530906  19531005
  19551120  19551219
  19610901  19610930
  19620408  19620507
  19630320  19630418
  19761210  19770108
  19770426  19770525
  19810223  19810324
  19910507  19910605
  19950309  19950407
  19950711  19950809
  20020608  20020707
  20040211  20040311
  20060207  20060308
  20070421  20070520
  20101212  20110110
  20140813  20140911
