  19180202  19180303
  19190812  19190910
  19210210  19210311
  19260412  19260511
  19310512  19310610
  19310903  19311002
  19350905  19351004
  19360408  19360507
  19420318  19420416
  19470416  19470515
  19480329  19480427
  19560503  19560601
  19630929  19631028
  19660220  19660321
  19670307  19670405
  19800711  19800809
  19830706  19830804
  19850212  19850313
  19851206  19860104
  19870704  19870802
  19880120  19880218
  19950228  19950329
  19990711  19990809
  20010330  20010428
  20040212  20040312
  20060205  20060306
  20160217  20160317
  20160828  20160926
