  19210212  19210313
  19300406  19300505
  19310926  19311025
  19340421  19340520
  19360401  19360430
  19380917  19381016
  19390418  19390517
  19410405  19410504
  19410903  19411002
  19420309  19420407
  19450301  19450330
  19510906  19511005
  19570405  19570504
  19620407  19620506
  19630306  19630404
  19640420  19640519
  19650421  19650520
  19760401  19760430
  19780109  19780207
  19830724  19830822
  19860228  19860329
  19880204  19880304
  19940907  19941006
  19950218  19950319
  19990307  19990405
  20001003  20001101
  20020714  20020812
  20060131  20060301
  20150421  20150520
