  19241004  19241102
  19300628  19300727
  19360410  19360509
  19390418  19390517
  19410826  19410924
  19460318  19460416
  19470905  19471004
  19480805  19480903
  19510706  19510804
  19551124  19551223
  19610829  19610927
  19630320  19630418
  19660519  19660617
  19770424  19770523
  19800117  19800215
  19840825  19840923
  19880220  19880320
  19880519  19880617
  19900206  19900307
  19950309  19950407
  20020609  20020708
  20060218  20060319
  20070426  20070525
  20101214  20110112
  20120301  20120330
