  19170505  19170603
  19201226  19210124
  19240717  19240815
  19261122  19261221
  19311007  19311105
  19410714  19410812
  19540727  19540825
  19550206  19550307
  19630306  19630404
  19630727  19630825
  19670210  19670311
  19680103  19680201
  19680918  19681017
  19700607  19700706
  19710924  19711023
  19801128  19801227
  19810902  19811001
  19840811  19840909
  19880405  19880504
  19881211  19890109
  19890718  19890816
  19900713  19900811
  19970802  19970831
  19990401  19990430
  19991221  20000119
  20040228  20040328
  20060511  20060609
  20140719  20140817
  20160917  20161016
