  19210228  19210329
  19210808  19210906
  19240930  19241029
  19270223  19270324
  19390429  19390528
  19410406  19410505
  19420329  19420427
  19430707  19430805
  19480822  19480920
  19490522  19490620
  19570409  19570508
  19600406  19600505
  19630310  19630408
  19640428  19640527
  19640713  19640811
  19651008  19651106
  19700823  19700921
  19830618  19830717
  19860416  19860515
  19910424  19910523
  19980708  19980806
  20060211  20060312
  20090129  20090227
  20100714  20100812
  20120303  20120401
