  19220903  19221002
  19230920  19231019
  19241012  19241110
  19260408  19260507
  19280821  19280919
  19340404  19340503
  19360412  19360511
  19380920  19381019
  19390809  19390907
  19410304  19410402
  19460227  19460328
  19460818  19460916
  19470924  19471023
  19530809  19530907
  19570711  19570809
  19600821  19600919
  19640813  19640911
  19660814  19660912
  19690131  19690301
  19710306  19710404
  19760321  19760419
  19850328  19850426
  19910419  19910518
  19950805  19950903
  20120229  20120329
