  19170325  19170423
  19180201  19180302
  19200918  19201017
  19210511  19210609
  19300318  19300416
  19310509  19310607
  19340307  19340405
  19360329  19360427
  19380914  19381013
  19410404  19410503
  19410828  19410926
  19420319  19420417
  19450218  19450319
  19480328  19480426
  19520311  19520409
  19540603  19540702
  19620406  19620505
  19630913  19631012
  19651007  19651105
  19670228  19670329
  19820427  19820526
  19830202  19830303
  19830701  19830730
  19870415  19870514
  19920319  19920417
  19950217  19950318
  20120309  20120407
  20150414  20150513
  20160919  20161018
