  19180215  19180316
  19190625  19190724
  19260408  19260507
  19360328  19360426
  19370208  19370309
  19390819  19390917
  19400702  19400731
  19440505  19440603
  19510422  19510521
  19520405  19520504
  19630311  19630409
  19630908  19631007
  19650407  19650506
  19660210  19660311
  19780108  19780206
  19800703  19800801
  19801209  19810107
  19820417  19820516
  19860312  19860410
  19870402  19870501
  19870804  19870902
  19950216  19950317
  20050926  20051025
  20120309  20120407
  20140702  20140731
