  19190624  19190723
  19240929  19241028
  19260409  19260508
  19330520  19330618
  19340308  19340406
  19360402  19360501
  19420409  19420508
  19470117  19470215
  19510422  19510521
  19520323  19520421
  19540603  19540702
  19600316  19600414
  19630305  19630403
  19630829  19630927
  19660211  19660312
  19830202  19830303
  19860313  19860411
  19870416  19870515
  19870707  19870805
  19920330  19920428
  19950217  19950318
  19990702  19990731
  20010403  20010502
  20100911  20101010
  20120309  20120407
  20160919  20161018
