  19200916  19201015
  19241006  19241104
  19340307  19340405
  19360405  19360504
  19370209  19370310
  19380915  19381014
  19390804  19390902
  19420409  19420508
  19470123  19470221
  19480507  19480605
  19550311  19550409
  19630306  19630404
  19630831  19630929
  19650416  19650515
  19690129  19690227
  19760329  19760427
  19780108  19780206
  19820405  19820504
  19830202  19830303
  19860313  19860411
  19870414  19870513
  19900204  19900305
  19950218  19950319
  19980807  19980905
  19990314  19990412
  20020606  20020705
  20100205  20100306
  20150410  20150509
