  19250211  19250312
  19270816  19270914
  19330906  19331005
  19350920  19351019
  19360801  19360830
  19380725  19380823
  19390928  19391027
  19430922  19431021
  19520605  19520704
  19540102  19540131
  19550207  19550308
  19610911  19611010
  19620413  19620512
  19670215  19670316
  19670825  19670923
  19720829  19720927
  19760201  19760301
  19780813  19780911
  19860314  19860412
  19870913  19871012
  19910813  19910911
  20040226  20040326
  20070302  20070331
  20081216  20090114
  20120304  20120402
  20160914  20161013
  20170131  20170301
