  19180130  19180228
  19200912  19201011
  19210502  19210531
  19250225  19250326
  19300313  19300411
  19340308  19340406
  19360403  19360502
  19420327  19420425
  19510421  19510520
  19510702  19510731
  19520323  19520421
  19530515  19530613
  19540603  19540702
  19560503  19560601
  19570408  19570507
  19620408  19620507
  19650404  19650503
  19660217  19660318
  19670220  19670321
  19801202  19801231
  19830713  19830811
  19950218  19950319
  19990728  19990826
  20000416  20000515
  20070301  20070330
  20081223  20090121
  20160826  20160924
