  19171031  19171129
  19240926  19241025
  19250309  19250407
  19270313  19270411
  19300815  19300913
  19340421  19340520
  19440425  19440524
  19450716  19450814
  19490221  19490322
  19520602  19520701
  19521007  19521105
  19550816  19550914
  19570227  19570328
  19590411  19590510
  19610711  19610809
  19650303  19650401
  19711011  19711109
  19761105  19761204
  19810217  19810318
  19860925  19861024
  19880223  19880323
  19930607  19930706
  19970916  19971015
  19990329  19990427
  20010712  20010810
  20020704  20020802
  20060222  20060323
  20130301  20130330
  20130926  20131025
  20160822  20160920
