  19190820  19190918
  19210202  19210303
  19210805  19210903
  19240701  19240730
  19250410  19250509
  19340601  19340630
  19350921  19351020
  19360408  19360507
  19390818  19390916
  19400817  19400915
  19540710  19540808
  19550206  19550307
  19550414  19550513
  19550910  19551009
  19610830  19610928
  19720623  19720722
  19720829  19720927
  19770319  19770417
  19860317  19860415
  19870625  19870724
  19900808  19900906
  19950221  19950322
  19980517  19980615
  19981008  19981106
  19990201  19990302
  19990630  19990729
  20010330  20010428
  20040226  20040326
  20040503  20040601
  20060614  20060713
  20081207  20090105
  20161007  20161105
